164	286	9	10
164	286	10	9
165	287	10	10
165	286	10	10
165	286	9	9
165	286	9	9
166	285	9	9
165	285	9	9
166	284	9	9
165	284	9	9
166	285	9	9
166	285	9	9
165	284	9	9
167	284	9	8
165	283	9	10
166	283	9	9
167	283	9	10
167	283	9	9
167	284	9	9
166	283	9	9
168	284	9	9
167	282	9	8
167	283	10	8
167	283	9	8
168	282	9	9
167	283	9	8
167	282	9	8
169	282	9	8
169	282	9	8
168	282	9	8
167	281	10	9
167	280	10	9
167	281	10	9
167	281	10	9
169	281	10	8
170	281	9	8
170	282	10	8
170	281	9	8
170	280	9	9
170	280	10	8
169	279	10	9
169	280	9	9
170	280	10	9
169	279	10	9
169	279	9	9
170	278	10	9
169	278	9	9
171	279	9	9
170	278	10	9
170	277	9	9
171	277	9	9
171	277	10	9
171	277	10	9
170	277	9	9
172	278	9	9
171	277	9	9
171	276	9	9
172	277	9	9
172	277	9	8
173	277	9	8
171	277	9	9
172	277	9	8
173	277	10	8
173	277	10	8
172	276	9	9
173	275	9	9
173	275	9	8
174	276	9	9
173	275	10	9
173	276	9	9
173	275	9	9
173	276	10	8
172	274	10	9
173	276	9	9
173	274	10	9
173	275	9	9
174	274	9	10
174	275	9	9
174	274	9	9
173	275	10	9
174	274	10	9
174	274	10	9
174	274	11	9
175	274	10	9
175	274	10	9
175	274	10	9
176	274	10	9
176	274	10	9
175	273	9	9
174	273	10	9
175	273	11	9
175	273	11	10
175	274	10	9
175	272	10	9
176	273	10	9
176	272	10	9
175	273	10	9
175	271	10	10
177	271	10	11
177	271	10	9
175	270	11	10
176	272	11	9
176	272	10	9
175	272	11	9
176	272	10	9
177	270	11	10
176	272	10	9
176	271	10	8
177	270	10	9
176	271	10	9
176	270	10	8
177	272	10	8
177	271	10	8
176	271	9	8
177	271	10	9
178	270	10	8
178	270	10	8
178	270	9	8
177	271	10	8
178	270	10	8
179	270	10	9
179	271	10	9
178	271	9	8
178	271	10	9
178	270	10	9
179	271	10	8
178	271	10	8
177	270	10	8
179	269	10	9
179	270	9	9
179	270	10	9
179	270	10	9
179	270	11	9
178	269	11	9
179	270	11	9
180	268	11	9
180	269	11	8
178	268	11	9
179	268	11	9
180	269	11	9
179	268	11	9
180	268	10	9
179	268	11	9
180	268	11	9
180	268	11	9
181	268	11	9
181	267	10	9
180	268	10	9
180	267	9	8
182	267	8	8
180	268	10	9
180	268	10	9
180	266	11	9
180	268	11	8
181	267	11	9
180	266	11	9
181	267	10	9
182	267	11	9
181	266	10	9
181	266	10	8
181	265	10	9
182	267	10	8
183	266	10	9
183	265	10	9
183	266	10	9
182	265	10	9
184	266	10	8
184	266	9	8
183	266	9	8
183	265	9	8
184	265	9	9
184	264	9	9
184	265	9	9
184	266	9	8
183	265	9	8
184	264	9	8
184	264	9	8
183	264	9	8
184	264	9	8
184	264	9	9
183	264	10	8
184	265	10	8
184	264	10	9
184	264	10	9
184	263	10	8
185	264	10	8
184	263	10	8
185	263	10	8
184	263	10	8
185	264	10	8
185	262	10	8
185	262	10	8
186	263	9	8
185	263	9	8
186	263	10	8
186	263	10	8
185	263	9	8
186	263	10	8
187	262	9	8
187	261	9	8
187	261	9	8
188	261	10	9
187	262	10	8
187	262	9	8
188	261	9	8
188	260	9	8
188	261	10	9
188	261	10	8
188	261	10	8
187	261	10	8
187	261	10	8
187	260	9	8
187	260	9	8
188	261	9	8
188	259	9	8
189	260	9	9
188	259	9	9
190	259	9	8
189	260	9	8
190	259	9	9
190	260	9	9
190	260	9	8
189	259	9	9
190	260	9	9
190	259	9	8
189	259	9	8
191	259	9	9
190	259	9	9
191	259	9	9
191	259	9	9
191	258	9	9
191	258	9	9
190	258	9	10
191	258	9	9
191	257	10	8
191	257	10	9
190	258	10	9
190	258	10	9
191	258	9	9
191	257	10	8
192	257	9	9
192	258	9	8
192	256	9	8
192	258	9	8
192	255	10	9
192	256	9	9
192	255	9	9
193	256	9	8
193	256	10	8
193	255	10	8
193	255	10	8
193	255	10	8
194	256	9	8
194	255	9	9
193	255	9	8
193	255	10	8
193	254	10	8
195	256	10	7
195	256	10	7
195	256	9	8
195	255	9	8
194	256	9	8
195	255	9	8
194	254	9	8
195	255	9	8
195	254	9	8
196	255	10	8
195	253	9	8
195	255	9	8
196	254	9	8
196	254	9	8
196	254	10	9
195	254	9	9
197	253	9	9
197	253	8	7
196	253	9	8
196	253	9	8
197	252	9	8
197	252	10	8
196	253	9	8
198	252	9	8
196	253	9	8
197	253	9	8
198	254	9	8
198	253	9	8
198	252	9	8
198	252	9	8
197	252	10	8
198	252	9	8
199	252	9	8
198	251	9	8
197	251	9	8
198	251	9	8
199	251	9	9
199	251	9	8
198	252	10	8
198	251	10	8
199	252	9	8
200	250	10	8
199	251	9	8
199	251	10	9
199	250	9	9
200	249	9	9
200	249	9	9
200	251	9	8
201	249	9	8
199	250	9	9
200	250	10	9
200	249	10	9
201	249	10	9
200	250	10	9
202	250	9	9
200	249	10	9
200	249	10	9
202	250	10	9
201	249	10	9
201	249	10	8
202	249	10	9
201	248	10	8
202	249	9	8
201	249	10	8
202	248	9	8
203	249	9	8
203	249	9	8
202	247	10	8
203	248	9	8
203	249	10	9
202	247	9	8
202	247	9	8
203	247	9	8
204	247	10	8
203	248	9	8
202	247	10	8
203	247	10	8
204	247	9	8
205	247	9	8
203	246	9	9
204	248	9	8
204	247	9	9
203	246	9	9
204	246	9	8
204	247	9	8
205	247	10	8
204	247	10	8
205	246	10	9
204	245	10	9
204	246	10	9
204	246	9	8
205	246	9	9
205	246	10	9
206	246	9	9
206	245	9	9
205	246	10	9
207	246	9	9
206	245	10	9
206	246	9	9
206	245	10	9
207	244	10	9
207	245	10	8
207	244	10	9
207	243	10	9
208	244	9	9
207	245	10	9
207	243	10	9
208	243	10	9
208	244	10	9
207	244	9	9
208	243	10	8
208	244	10	9
207	243	10	9
209	243	10	9
207	244	10	9
209	242	10	8
209	243	10	8
209	243	10	8
209	242	9	8
209	242	10	8
209	243	10	8
210	243	10	8
209	242	10	8
209	242	10	8
210	243	10	8
210	242	10	8
210	242	9	7
210	243	10	7
211	242	10	8
211	241	10	8
211	242	10	7
211	242	9	8
212	242	10	7
211	241	9	8
211	240	9	7
212	240	9	8
211	241	10	7
211	240	10	8
211	240	11	8
211	240	11	9
212	239	11	8
212	239	11	8
213	239	11	8
212	240	10	8
212	239	10	8
213	239	11	8
213	240	10	8
212	238	10	8
214	240	10	8
213	238	10	8
214	239	9	8
213	239	10	8
214	238	10	8
213	238	10	8
214	238	10	8
214	237	10	8
215	238	10	8
215	238	9	8
215	237	10	8
215	237	10	9
215	238	10	8
214	238	11	8
216	238	10	7
215	237	10	8
215	237	10	8
216	237	10	8
215	236	10	8
216	236	10	8
216	237	10	8
217	237	10	8
216	237	10	8
217	236	10	8
216	236	11	8
216	236	10	8
217	237	11	8
216	236	11	8
218	236	10	8
218	236	10	8
218	236	10	8
218	235	10	8
217	236	10	7
219	235	10	7
219	235	10	8
218	234	10	8
219	234	10	8
219	234	11	8
219	235	10	8
220	234	10	8
219	234	10	8
218	235	9	8
219	235	11	8
219	235	10	8
220	235	10	8
220	234	10	8
219	233	11	8
220	234	10	8
220	234	10	8
219	233	10	8
221	234	11	8
220	232	10	8
221	234	9	8
220	233	10	8
221	232	9	8
222	232	9	8
222	232	9	8
222	232	10	8
221	232	9	9
221	233	10	9
221	233	9	9
222	231	10	8
222	232	10	8
222	232	10	8
223	231	10	8
222	232	10	8
222	231	10	8
224	232	10	8
223	231	10	7
222	232	10	7
224	231	10	8
223	232	10	8
223	231	10	8
224	230	10	8
223	231	11	8
224	230	10	8
224	230	10	8
225	231	10	7
225	230	10	7
225	229	10	7
225	229	10	7
225	231	10	7
226	229	9	7
226	229	9	7
225	229	9	7
225	229	9	7
225	230	10	8
226	230	10	7
227	230	10	7
227	229	10	8
225	229	10	7
226	228	10	7
227	228	10	7
226	228	10	7
226	229	9	8
