1.984295
0.066818
0.142261
0.058257
0.037443
0.134092
0.073537
0.061463
0.037470
0.038439
0.102640
0.076355
0.069686
0.120575
0.081110
0.061894
0.067231
0.165694
0.066105
0.061213
0.142444
0.067158
0.098424
0.216312
0.054393
0.057259
0.064784
0.097988
0.029106
0.027663
0.155110
0.025457
0.022407
0.066663
0.015453
0.061762
0.065229
0.065847
0.016133
0.094317
0.108132
0.015085
0.126241
0.184046
0.078671
0.023829
0.049636
0.139448
0.125223
0.121689
0.126599
0.023986
0.038945
0.079032
0.114902
0.060054
0.018471
0.111494
0.067819
0.190906
0.101694
0.019813
0.018994
0.030484
0.197503
0.200804
0.252254
0.037237
0.063359
0.047775
0.187091
0.146564
0.078794
0.141586
0.075582
0.105857
0.075449
0.163815
0.068635
0.152407
0.240615
0.071397
0.054841
0.047664
0.019105
0.115425
0.082383
0.122561
0.100153
0.132993
0.219084
0.053859
0.042894
0.075467
0.014896
0.022509
0.022210
0.031422
0.031472
0.069036
0.163224
0.026445
0.076470
0.085542
0.075514
0.074951
0.022313
0.055572
0.032312
0.039082
0.194815
0.055617
0.021095
0.016879
0.073415
0.062741
0.110389
0.051946
0.063067
0.071708
0.142216
0.194709
0.062591
0.057188
0.155014
0.206055
0.042228
0.123952
0.173548
0.136889
0.136859
0.038494
0.071268
0.021002
0.087680
0.087402
0.030896
0.019204
0.023291
0.013641
0.105620
0.028816
0.017899
0.014196
0.016310
0.035087
0.025752
0.019979
0.176534
