19.688475
0.865537
0.056611
0.016464
0.061755
0.086963
0.082475
0.225373
0.034018
0.160436
0.193532
0.018824
0.050775
0.129433
0.121285
0.063328
0.122416
0.117205
0.073975
0.070846
0.209017
0.041951
0.060278
0.070620
0.076440
0.168006
0.110301
0.028609
0.030388
0.032859
0.115579
0.170540
0.026410
0.028528
0.028180
0.019927
0.111099
0.189499
0.137503
0.027215
0.182421
0.066689
0.106298
0.021683
0.098672
0.084049
0.044250
0.020832
0.088294
0.053057
0.084485
0.019492
0.021613
0.017608
0.023728
0.016444
0.027382
0.066411
0.029776
0.021302
0.209276
0.036149
0.082343
0.129126
0.032304
0.022224
0.041160
0.029050
0.060201
0.043328
0.122885
0.049677
0.013445
0.043389
0.216015
0.025706
0.158210
0.029339
0.200787
0.289912
0.221683
0.118161
0.127249
0.059324
0.054787
0.059148
0.146876
0.071474
0.068704
0.065678
0.206160
0.102818
0.020929
0.014845
0.039322
0.064002
0.016151
0.015113
0.021494
0.037752
0.111422
0.018976
0.072112
0.077728
0.088798
0.043298
0.016318
0.014406
0.038276
0.019473
0.096656
0.021526
0.096401
0.020085
0.052534
0.026528
0.015578
0.013689
0.025602
0.015439
0.101379
0.041252
0.036371
0.046407
0.035332
0.026839
0.034324
0.014827
0.033586
0.022906
0.098186
0.015147
0.016445
0.035650
0.045148
0.025406
0.037720
0.043988
0.042330
0.032050
0.102877
0.037105
0.037567
0.026204
0.020743
0.025669
0.030516
0.019811
0.035553
0.024786
0.094770
0.024026
0.016806
0.042912
0.047877
0.036128
0.044491
0.023636
0.031266
0.020012
0.085186
0.032955
0.032559
0.027661
0.018552
0.033896
0.017918
0.032363
0.041770
0.021737
0.124988
0.034357
0.021618
0.017691
0.024869
0.016576
0.028680
0.033521
0.025289
0.029052
0.116719
0.037718
0.033368
0.043563
0.030927
0.023922
0.036434
0.046454
0.027593
0.027657
0.084821
0.034575
0.018481
0.019037
0.039446
0.038981
0.034838
0.034140
0.015065
0.021424
0.074322
0.036947
0.042569
0.016583
0.034068
0.031678
0.037832
0.048671
0.042897
0.100954
0.173512
0.158925
0.057290
0.067762
0.072984
0.100240
0.062133
0.093680
0.067019
0.084251
0.141819
0.151894
0.040323
0.014657
0.017854
0.020467
0.026296
0.017895
0.038802
0.038543
0.159062
0.034207
0.015805
0.014968
0.017367
0.018158
0.092499
0.075837
0.075675
0.088488
0.144337
0.222208
0.121750
0.055080
0.061016
0.064865
0.101519
0.075804
0.075629
0.084897
0.187531
0.159703
0.080469
0.087823
0.095767
0.156164
0.039752
0.109068
0.087813
0.070803
0.274970
0.091901
0.037596
0.068979
0.052378
0.101255
0.054344
0.070072
0.115131
0.055849
0.170792
0.052875
0.052558
0.156051
0.142152
0.043439
0.119475
0.075258
0.173048
0.312243
0.189170
0.041803
0.132796
0.134780
0.063228
0.049950
0.069339
0.014842
0.021717
0.013589
0.101175
0.030269
0.043688
0.023950
0.016180
0.034909
0.031563
0.046753
0.054655
0.032965
0.172880
