19.704129
0.833330
0.049565
0.061044
0.065058
0.042706
0.047453
0.131438
0.072338
0.060550
0.268360
0.099603
0.064406
0.051630
0.177517
0.071831
0.126134
0.113700
0.103220
0.062273
0.190482
0.052870
0.147078
0.083475
0.076378
0.236270
0.142296
0.072038
0.284798
0.087649
0.206918
0.148782
0.151670
0.100495
0.111259
0.082634
0.044332
0.066912
0.094349
0.073907
0.174585
0.104237
0.058945
0.109154
0.066076
0.058270
0.063392
0.084719
0.082718
0.137590
0.142603
0.069921
0.111684
0.118782
0.043373
0.038443
0.084562
0.085413
0.066299
0.154312
0.170449
0.221059
0.155410
0.235141
0.132711
0.137398
0.067919
0.113005
0.101812
0.078823
0.129110
0.117973
0.072826
0.092419
0.137252
0.085823
0.089929
0.087849
0.069374
0.058651
0.184640
0.094751
0.068270
0.094414
0.067040
0.098052
0.145941
0.081394
0.093300
0.076016
0.165909
0.084726
0.116043
0.109048
0.082357
0.078799
0.118453
0.058223
0.051565
0.100605
0.178601
0.060118
0.173440
0.074504
0.084698
0.078626
0.085523
0.132556
0.113408
0.125894
0.150206
0.152622
0.055933
0.053386
0.093755
0.113523
0.204663
0.092539
0.029183
0.062534
0.247695
0.176662
0.132148
0.118712
0.059621
0.051909
0.147668
0.053560
0.170823
0.074035
0.244963
0.071723
0.106824
0.162796
0.067884
0.079114
0.238224
0.041097
0.065745
0.088654
0.197149
0.133300
0.065837
0.071738
0.092418
0.119169
0.098116
0.086407
0.064331
0.048261
0.173685
0.069421
0.066319
0.080210
0.100026
0.088084
0.079954
0.076009
0.084578
0.103427
0.242416
0.061415
0.070556
0.053180
0.081256
0.127016
0.112068
0.062547
0.103206
0.070253
0.241735
0.080688
0.023221
0.084629
0.126721
0.133368
0.060773
0.094717
0.066082
0.086750
0.356896
0.080553
0.051683
0.073528
0.072557
0.070346
0.063184
0.052693
0.092549
0.100789
0.167916
0.058247
0.149312
0.131679
0.052176
0.095007
0.080555
0.149152
0.138110
0.134533
0.185742
0.049201
0.126297
0.110456
0.067662
0.129842
0.172825
0.124457
0.239864
0.365422
