1.957949
0.041048
0.087539
0.047420
0.067559
0.078126
0.023368
0.064229
0.043215
0.080077
0.121251
0.085789
0.055742
0.064267
0.047012
0.061016
0.045835
0.068018
0.083494
0.068998
0.112365
0.051017
0.064253
0.121072
0.054352
0.118063
0.086126
0.072684
0.066017
0.097695
0.129510
0.041789
0.124784
0.043555
0.059365
0.057575
0.048547
0.071384
0.071886
0.059029
0.247951
0.121439
0.063119
0.069970
0.095192
0.097839
0.075386
0.116545
0.114943
0.105928
0.139206
0.101313
0.066606
0.069435
0.149523
0.132199
0.072371
0.055564
0.070576
0.158762
0.154687
0.110946
0.074295
0.042865
0.055945
0.106323
0.113986
0.055610
0.090819
0.027139
0.143307
0.066158
0.062925
0.084838
0.039066
0.048455
0.059364
0.122826
0.046294
0.081837
0.166525
0.050142
0.072082
0.062535
0.075321
0.078598
0.110103
0.041407
0.051603
0.053467
0.146829
0.053582
0.108911
0.066719
0.071309
0.065701
0.060685
0.066530
0.059750
0.120709
0.147538
0.056504
0.059731
0.073256
0.118027
0.062597
0.071690
0.122313
0.049398
0.070710
0.132394
0.054381
0.101353
0.107108
0.103226
0.117915
0.178246
0.125241
0.097610
0.104608
0.136095
0.075484
0.088043
0.047253
0.073161
0.074383
0.155214
0.027370
0.051055
0.086774
0.163984
0.058700
0.045571
0.042335
0.044577
0.077846
0.103236
0.130727
0.073586
0.067825
0.163198
0.049845
0.196497
0.259796
0.245222
0.150602
0.131777
0.143883
0.116028
0.106636
0.137664
0.048442
0.097641
0.039485
0.102810
0.136031
0.049399
0.037431
0.052387
0.045830
0.154086
0.070040
0.076058
0.033314
0.044017
0.068697
0.149105
0.061720
0.058133
0.027433
0.079096
0.037709
0.056547
0.059117
0.102841
0.081897
0.039398
0.076232
0.055433
0.041512
0.181276
0.212462
0.254538
0.101199
0.178343
0.199618
0.149723
0.146703
0.131107
0.045403
0.089562
0.052615
0.112849
0.067742
0.102165
0.080000
0.075604
0.070344
0.041560
0.053801
0.217936
0.105650
0.047218
0.080414
0.061888
0.043835
0.054066
0.086040
0.069517
0.073531
0.158683
0.078284
0.112191
0.043118
0.061083
0.119623
0.064548
0.046018
0.060790
0.054617
0.094207
0.067225
0.080135
0.146293
0.092448
0.040234
0.030911
0.064962
0.061800
0.062719
0.079478
0.051890
0.066050
0.027645
0.037712
0.027945
0.073497
0.042956
0.053104
0.026907
0.090292
0.034850
0.090651
0.095696
0.051568
0.042185
0.062450
0.050312
0.052391
0.094303
0.130885
0.079438
0.066004
0.049212
0.066339
0.093462
0.163649
0.150769
0.081232
0.105139
0.122947
0.031759
0.038371
0.029987
0.032429
0.033852
0.029658
0.041323
0.028542
0.068913
0.127029
0.039788
0.092592
0.061046
0.050148
0.062414
0.057220
0.047794
0.084384
0.062454
0.162168
0.059217
0.133051
0.068254
0.075559
0.065949
0.041145
0.135671
0.128680
0.146802
0.203577
0.131089
0.194263
0.164750
0.232017
0.058329
0.037172
0.049835
0.043499
0.034599
0.143896
0.094595
0.041032
0.055821
0.072169
0.063383
0.161501
0.055436
0.051174
0.114889
0.193539
0.062585
0.063108
0.051909
0.069820
0.084133
0.076837
0.068988
0.113201
0.044694
0.161680
0.074592
0.107373
0.060880
0.106219
0.049907
0.079452
0.057265
0.048416
0.080053
0.148284
0.069233
0.100975
0.087638
0.062935
0.111506
0.067777
0.033494
0.071405
0.034770
0.154306
0.056644
0.058842
0.066965
0.053874
0.074676
0.123837
0.036547
0.059455
0.042277
0.141370
0.051632
0.026369
0.055252
0.110334
0.075546
0.098824
0.067292
0.065356
0.059630
0.126830
0.082934
0.061707
0.066353
0.037948
0.060958
0.054854
0.040792
0.054315
0.078096
0.130174
0.057097
0.069125
0.043321
0.078087
0.072406
0.062476
0.045220
0.091967
0.126612
0.265194
0.135094
0.146302
0.106489
0.267084
0.120148
0.113430
0.067895
0.065043
0.082994
0.167936
0.046323
0.088924
0.076508
0.154579
0.091272
0.110710
0.137279
0.066614
0.066806
0.185140
0.035969
0.080155
0.050211
0.041239
0.057152
0.114532
0.047546
0.045444
0.131444
0.215351
0.080810
0.039514
0.056308
0.095898
0.057340
0.057576
0.152063
0.027550
0.117669
0.174433
0.037271
0.060271
0.099985
0.053743
0.047345
0.049881
0.069964
0.077523
0.064470
0.117681
0.038174
0.181376
0.238078
0.148265
0.102129
0.102589
0.121335
0.077311
0.125540
0.193643
0.054555
0.062875
0.048300
0.060670
0.085099
0.106990
0.078645
0.067345
0.079239
0.165573
0.051624
0.065265
0.046145
0.065460
0.041884
0.064472
0.070209
0.084842
0.039499
0.120158
0.085635
0.099121
0.102774
0.064263
0.056688
0.054417
0.048097
0.071014
0.056963
0.178071
0.034670
0.052845
0.086923
0.072902
0.097463
0.049912
0.128043
0.122940
0.075418
0.167226
0.056246
0.070109
0.072219
0.059518
0.117243
0.055649
0.113651
0.067970
0.133481
0.133143
0.060381
0.117089
0.053924
0.058203
0.057074
0.055912
0.082995
0.070904
0.056454
