2.291672
0.138281
0.146251
0.103687
0.037870
0.024078
0.025862
0.025180
0.066202
0.027008
0.100474
0.094175
0.102182
0.063760
0.042113
0.139086
0.049703
0.056438
0.060967
0.083942
0.113570
0.041254
0.024751
0.045938
0.042427
0.031088
0.039752
0.245005
0.025172
0.034616
0.138422
0.043010
0.155343
0.100832
0.182562
0.023020
0.027746
0.037993
0.031739
0.025565
0.141079
0.037225
0.147933
0.049988
0.021965
0.035122
0.110730
0.157538
0.062482
0.142458
0.147622
0.070045
0.180137
0.026321
0.067276
0.063747
0.040132
0.022991
0.042815
0.068480
0.120197
0.089060
0.125263
0.115543
0.140912
0.132094
0.146636
0.049011
0.074511
0.065971
0.159078
0.073671
0.077544
0.066300
0.197268
0.084617
0.055620
0.113548
0.071566
0.061684
0.143386
0.187454
0.073403
0.125670
0.235178
0.169591
0.293281
0.300529
0.166890
0.106610
0.185247
0.081211
0.125942
0.068184
0.039515
0.073191
0.060699
0.103626
0.079739
0.097829
0.126091
0.070427
0.094475
0.137595
0.187850
0.064997
0.059994
0.070773
0.077929
0.049868
0.255079
0.041800
0.049291
0.049514
0.062940
0.065036
0.086598
0.059633
0.095353
0.064080
0.226111
0.048450
0.114234
0.061560
0.086535
0.079887
0.090016
0.123544
0.081575
0.061656
0.156222
0.069604
0.103745
0.055752
0.052821
0.126195
0.044200
0.074343
0.084585
0.090714
0.145497
0.216313
0.084087
0.068551
0.080912
0.092948
0.072844
0.049405
0.061870
0.118362
0.171944
0.130050
0.179804
0.075468
0.038148
0.080060
0.095387
0.100923
0.098271
0.052692
0.148188
0.053296
0.058763
0.092615
0.145499
0.068450
0.118309
0.064801
0.067602
0.087107
0.172190
0.057369
0.061065
0.125364
0.088054
0.117670
0.114779
0.092787
0.085474
0.124423
0.162631
0.074828
0.090823
0.064306
0.058229
0.095999
0.063446
0.069512
0.080353
0.100814
0.173107
0.054319
0.110334
0.130471
0.066492
0.113765
0.072046
0.083307
0.136927
0.049975
0.131206
0.057539
0.139038
0.062454
0.097716
0.076375
0.070987
0.117934
0.143813
0.054381
0.168331
0.044917
0.065079
0.042706
0.056736
0.111663
0.131827
0.075682
0.065348
0.107912
0.149737
0.090000
0.068950
0.053977
0.065623
0.064590
0.070316
0.047697
0.060797
0.141606
0.210072
0.076358
0.096456
0.069601
0.083903
0.065323
0.138508
0.063569
0.072525
0.062051
0.119852
0.067424
0.072299
0.059038
0.062553
0.063560
0.077526
0.104410
0.129834
0.160196
0.264498
0.093460
0.157498
0.105993
0.150190
0.164796
0.119611
0.163939
0.067681
0.078972
0.147968
0.194910
0.084657
0.083482
0.068793
0.080085
0.091605
0.109023
0.098694
0.064587
0.170572
0.087740
0.058249
0.147917
0.073512
0.101080
0.128688
0.062992
0.093336
0.078016
0.177529
0.087066
0.064320
0.143701
0.082927
0.062624
0.062358
0.145382
0.074886
0.060042
