1.575953
0.033839
0.048517
0.068025
0.056636
0.033653
0.048678
0.092353
0.078839
0.054798
0.090538
0.026451
0.057421
0.090913
0.044151
0.040845
0.023762
0.041962
0.068613
0.035155
0.122709
0.035585
0.097808
0.050789
0.026710
0.042070
0.024762
0.025797
0.026512
0.022445
0.082544
0.028907
0.057742
0.034492
0.038379
0.036912
0.042392
0.049298
0.026212
0.154943
0.189408
0.073602
0.148030
0.171709
0.165753
0.143640
0.039649
0.042590
0.062276
0.030858
0.127878
0.102612
0.043528
0.026558
0.031609
0.064013
0.027095
0.032325
0.063023
0.058684
0.107866
0.076353
0.050443
0.049252
0.043976
0.029672
0.133264
0.064095
0.052644
0.052038
0.107016
0.032686
0.043848
0.028795
0.084992
0.024702
0.040314
0.024343
0.028049
0.042455
0.093097
0.091515
0.051788
0.042129
0.024893
0.031771
0.040859
0.098866
0.023503
0.030438
0.088418
0.042223
0.034750
0.043264
0.036891
0.062360
0.034126
0.026988
0.110526
0.027715
0.144279
0.056569
0.056274
0.029803
0.043855
0.051153
0.043509
0.100923
0.079318
0.053862
0.108936
0.047983
0.068388
0.053817
0.073623
0.039547
0.032739
0.039007
0.041190
0.035128
0.091442
0.041963
0.035857
0.049612
0.070207
0.038888
0.047745
0.026976
0.046640
0.021870
0.138634
0.033452
0.046290
0.029078
0.031198
0.058311
0.032817
0.027962
0.043285
0.035555
0.095572
0.038429
0.059990
0.039322
0.032353
0.028203
0.026276
0.053196
0.107104
0.034340
0.073400
0.033179
0.028474
0.033968
0.025956
0.046168
0.029366
0.031656
0.030468
0.034103
0.134027
0.067795
0.081026
0.085102
0.107893
0.060968
0.059469
0.050424
0.031907
0.031492
0.086942
0.055207
0.036667
0.022899
0.040871
0.085431
0.041662
0.038237
0.035215
0.043373
0.096422
0.056065
0.115707
0.048961
0.077438
0.074025
0.039425
0.042029
0.061715
0.054869
0.125289
0.102925
0.048127
0.051715
0.049938
0.095311
0.060827
0.046602
0.044799
0.037331
0.122396
0.037445
0.023573
0.034212
0.048144
0.053805
0.041644
0.022008
0.098053
0.038524
0.102720
0.070014
0.043337
0.025500
0.037248
0.052259
0.052983
0.039044
0.044156
0.063490
0.184328
0.051430
0.045770
0.047039
0.042137
0.038832
0.045103
0.035432
0.040827
0.072586
0.170795
0.083664
0.055066
0.038832
0.052551
0.034297
0.054105
0.033906
0.028367
0.045051
0.101334
0.094297
0.024009
0.035115
0.086473
0.072974
0.038411
0.064186
0.075809
0.100528
0.071200
0.035480
0.034208
0.064038
0.035347
0.060437
0.034823
0.053331
0.049654
0.057330
0.110043
0.158066
0.220612
0.074342
0.099139
0.163274
0.182990
0.125142
0.073714
0.061204
0.104793
0.134047
0.054456
0.057082
0.048045
0.043830
0.074818
0.028677
0.057516
0.062279
0.116467
0.079485
0.056195
0.048099
0.084414
0.057424
0.029284
0.028325
0.053388
0.040705
0.096979
0.047431
0.056043
0.028864
0.092986
0.057176
0.042769
0.041285
0.036897
0.041499
0.093052
0.048274
0.096035
0.040710
0.051155
0.048836
0.108373
0.104120
0.170335
0.157628
0.248236
0.133017
0.217872
0.041986
0.035945
0.038167
0.037287
0.042984
0.043102
0.052813
