1.921208
0.110293
0.136297
0.020555
0.114958
0.050820
0.018317
0.064768
0.113276
0.007437
0.093021
0.120444
0.097186
0.045675
0.070437
0.017837
0.013638
0.019910
0.014536
0.025248
0.094893
0.021955
0.050455
0.078631
0.022943
0.083239
0.049825
0.089985
0.038722
0.040582
0.094605
0.050102
0.040137
0.058962
0.044674
0.048339
0.048178
0.094379
0.050612
0.058214
0.127748
0.104177
0.056837
0.125859
0.097852
0.089984
0.096359
0.093297
0.133524
0.065379
0.173740
0.056759
0.125112
0.209359
0.196995
0.177900
0.064063
0.071491
0.161588
0.118612
0.170515
0.147699
0.085711
0.041948
0.076579
0.047427
0.120822
0.138421
0.159233
0.199101
0.176739
0.049441
0.113064
0.111012
0.179920
0.054895
0.057580
0.159603
0.131560
0.072893
0.261383
0.086163
0.081902
0.077944
0.145237
0.092764
0.072727
0.124950
0.035432
0.135713
0.140594
0.060350
0.050035
0.085735
0.075169
0.065758
0.060278
0.153902
0.069160
0.058882
0.139749
0.054173
0.065207
0.058614
0.061656
0.049672
0.045784
0.086161
0.084782
0.176640
0.171044
0.099943
0.064234
0.044859
0.048079
0.057987
0.058908
0.070679
0.062990
0.063192
0.179785
0.046334
0.200684
0.076398
0.068004
0.117486
0.046110
0.052083
0.062347
0.073287
0.141898
0.058417
0.058453
0.119620
0.049135
0.047883
0.265308
0.075478
0.123948
0.056240
0.151740
0.053605
0.062093
0.066990
0.078432
0.088651
0.064773
0.061275
0.126474
0.051652
0.215993
0.046919
0.033111
0.083209
0.050097
0.048629
0.049809
0.101505
0.042530
0.050621
0.135232
0.101429
0.069692
0.053004
0.078343
0.116071
0.228207
0.241060
0.248988
0.198678
0.254867
0.082177
0.184329
0.071699
0.070964
0.060255
0.059637
0.081677
0.119796
0.038892
0.164716
0.057195
0.104567
0.059251
0.060094
0.116373
0.087971
0.050426
0.065416
0.081685
0.132516
0.056762
0.145150
0.061309
0.058066
0.101616
0.060057
0.046959
0.095880
0.111115
0.155205
0.062473
0.083739
0.067478
0.046904
0.102121
0.076191
0.079386
0.117831
0.058241
0.168756
0.062289
0.065177
0.113777
0.039024
0.077956
0.150683
0.062492
0.048141
0.049535
0.125235
0.052704
0.070447
0.112439
0.057466
0.069791
0.059067
0.100327
0.054929
0.097805
0.162802
0.094298
0.071151
0.078650
0.075132
0.077113
0.093722
0.061197
0.104966
0.135000
0.185741
0.057776
0.045355
0.063796
0.066161
0.044670
0.081221
0.076959
0.062525
0.052079
0.197825
0.156726
0.061388
0.144202
0.073923
0.111962
0.070441
0.104073
0.088678
0.046980
0.182539
0.072889
0.045906
0.069539
0.123309
0.168548
0.109971
0.081447
0.060983
0.065520
0.146609
0.044116
0.064955
0.085108
0.073570
0.063717
0.042483
0.051587
0.064905
0.119787
0.194928
0.181733
0.257418
0.157533
0.177908
0.200859
0.115563
0.047064
0.057655
0.087909
0.185747
0.055578
0.157388
0.072594
0.038243
0.121266
0.083318
0.079206
0.089976
0.073521
0.134896
0.058271
0.070498
0.084068
0.099419
0.062133
0.129138
0.055545
0.061974
0.057689
0.174901
0.084012
0.141299
0.073002
0.069652
0.105763
0.101140
0.064728
0.059713
0.059344
