1.820745
0.044293
0.128340
0.066183
0.123765
0.060511
0.113380
0.119564
0.116209
0.078278
0.161037
0.091857
0.056455
0.137079
0.109589
0.099802
0.142194
0.045857
0.116411
0.062736
0.198741
0.271464
0.082586
0.055950
0.068871
0.096801
0.085312
0.052889
0.077611
0.065509
0.200777
0.070173
0.043093
0.249865
0.070734
0.051362
0.068608
0.165790
0.087707
0.109323
0.178923
0.068017
0.045156
0.107984
0.030993
0.034818
0.121390
0.060533
0.109764
0.093706
0.131853
0.201347
0.194031
0.241079
0.155880
0.265293
0.106915
0.101253
0.073837
0.074505
0.177233
0.056968
0.072323
0.071690
0.061549
0.069022
0.094584
0.047515
0.059041
0.064855
0.221721
0.087767
0.057893
0.078925
0.074606
0.059015
0.063662
0.046078
0.111703
0.091754
0.156104
0.112262
0.065521
0.052988
0.087672
0.144408
0.131395
0.106875
0.216919
0.149396
0.194558
0.187828
0.128877
0.175498
0.153469
0.056266
0.190854
0.047163
0.137081
0.166186
0.178225
0.032269
0.069381
0.082171
0.059743
0.051190
0.060217
0.050692
0.091217
0.085191
0.194036
0.033910
0.050038
0.100794
0.054815
0.060534
0.057459
0.041483
0.062267
0.050483
0.111704
0.105557
0.056092
0.062179
0.146098
0.089365
0.069203
0.042572
0.059780
0.050356
0.127503
0.023690
0.031647
0.050730
0.062324
0.052080
0.071590
0.073809
0.101167
0.063352
0.217722
0.063867
0.052139
0.062558
0.060503
0.154604
0.193942
0.156861
0.190456
0.154428
0.201242
0.134020
0.125365
0.107267
0.056488
0.043805
0.102537
0.089890
0.076550
0.082115
0.201756
0.058420
0.073001
0.078957
0.057027
0.106271
0.049782
0.068995
0.064198
0.107503
0.179474
0.047045
0.039143
0.086419
0.072662
0.035215
0.044237
0.048178
0.039572
0.026991
0.118119
0.116436
0.079223
0.055438
0.044775
0.059001
0.051658
0.058909
0.085002
0.037853
0.165849
0.104722
0.098809
0.069882
0.063358
0.105134
0.095572
0.052860
0.109837
0.081612
0.149225
0.074508
0.134528
0.081230
0.053949
0.160573
0.078443
0.122191
0.064224
0.057996
0.156533
0.077053
0.129085
0.119824
0.061918
0.044598
0.055072
0.137966
0.053525
0.069359
0.120033
0.059588
0.106962
0.039007
0.033243
0.052299
0.053333
0.033107
0.048555
0.062021
0.116029
0.051825
0.070297
0.071234
0.085486
0.063953
0.035298
0.045440
0.056782
0.057100
0.122063
0.053113
0.074792
0.059397
0.088114
0.066520
0.110439
0.032234
0.065749
0.065143
0.169679
0.070567
0.065885
0.097192
0.109623
0.073034
0.078782
0.116342
0.070611
0.064550
0.126880
0.061111
0.053902
0.061074
0.108358
0.059766
0.162022
0.122810
0.200043
0.191830
0.126056
0.129222
0.040854
0.047779
0.067932
0.070220
0.051239
0.043607
0.075716
0.041314
0.182372
0.039975
0.054999
0.049787
0.068480
0.042157
0.082413
0.065730
0.058621
0.054694
0.139135
0.106491
0.067314
0.087297
0.061482
0.074961
0.063713
0.086945
0.185644
0.301950
0.261840
0.188551
0.127782
0.164237
0.092087
0.085850
0.059002
0.094745
0.122711
0.059620
0.164241
0.096086
0.053741
0.075439
0.173619
0.111010
0.036642
0.045884
0.081639
0.090217
