1.333340
0.033791
0.040134
0.037072
0.028991
0.025536
0.079040
0.022953
0.028971
0.036153
0.077703
0.023310
0.023715
0.024559
0.023430
0.034798
0.033703
0.038388
0.033331
0.065358
0.073037
0.022419
0.029140
0.037604
0.033838
0.033712
0.034813
0.021255
0.029734
0.038695
0.108472
0.043759
0.024162
0.033064
0.031553
0.030399
0.030792
0.027713
0.025781
0.020868
0.073233
0.023969
0.032006
0.068386
0.019377
0.027048
0.034848
0.035384
0.032340
0.032201
0.081022
0.025381
0.024644
0.024783
0.072756
0.033484
0.029233
0.027685
0.022910
0.019245
0.075338
0.025572
0.033065
0.034321
0.034462
0.034664
0.066510
0.025024
0.037565
0.026337
0.070999
0.025547
0.030881
0.038048
0.037729
0.032684
0.030426
0.086623
0.030830
0.026165
0.079657
0.026273
0.030321
0.033500
0.033147
0.039174
0.033268
0.032604
0.078179
0.040051
0.081428
0.028918
0.029682
0.025901
0.028270
0.037907
0.038989
0.074787
0.039439
0.031242
0.083845
0.025546
0.024426
0.030287
0.031031
0.031574
0.030918
0.089181
0.046604
0.025949
0.083523
0.024117
0.028972
0.029582
0.032978
0.027843
0.033368
0.085345
0.025091
0.025731
0.089386
0.025694
0.023292
0.025762
0.033684
0.035913
0.035722
0.035571
0.064224
0.026166
0.082659
0.024256
0.030953
0.037399
0.035412
0.036675
0.033565
0.034354
0.035944
0.073436
0.079563
0.023494
0.021287
0.032758
0.035951
0.027499
0.032189
0.043070
0.040361
0.025448
0.081176
0.058375
0.048213
0.023692
0.034914
0.026213
0.028069
0.031504
0.020806
0.031651
0.073563
0.031457
0.029508
0.026448
0.019535
0.035098
0.026444
0.024739
0.034408
0.074394
0.079130
0.032709
0.038989
0.031031
0.020025
0.036582
0.030846
0.021230
0.035149
0.032009
0.093853
0.042702
0.078311
0.036695
0.073712
0.083595
0.030838
0.040015
0.089359
0.032105
0.084768
0.031452
0.042881
0.023274
0.021113
0.021238
0.019076
0.019458
0.021741
0.020333
0.066095
0.023422
0.017522
0.018740
0.020483
0.020131
0.018409
0.019958
0.020230
0.018125
0.068365
0.038372
0.018116
0.018226
0.020559
0.020468
0.020147
0.017891
0.020063
0.019984
0.069062
0.022533
0.017382
0.018796
0.018092
0.018517
0.019745
0.017822
0.019525
0.019650
0.064444
0.022474
0.018486
0.020027
0.017372
0.018190
0.019506
0.071513
0.021744
0.017393
0.063883
0.022034
0.019493
0.017725
0.017497
0.019631
0.017253
0.017232
0.019411
0.017073
0.068991
0.022336
0.020371
0.019920
0.018491
0.020119
0.020941
0.022189
0.017500
0.018785
0.065717
0.023640
0.017640
0.017353
0.018528
0.018899
0.016966
0.019681
0.018719
0.018562
0.067612
0.024273
0.020374
0.018923
0.018875
0.021226
0.019196
0.018465
0.020161
0.019664
0.065435
0.019879
0.018167
0.019624
0.017909
0.019069
0.026421
0.029929
0.019288
0.023557
0.066395
0.020665
0.021311
0.019558
0.017831
0.019219
0.019587
0.018319
0.018816
0.019557
0.066018
0.019693
0.017883
0.019534
0.017608
0.018924
0.019148
0.017498
0.018919
0.017397
0.062232
0.029577
0.027549
0.019387
0.020715
0.017940
0.019292
0.019788
0.016901
0.018892
0.063993
0.023278
0.017452
0.019324
0.019046
0.017818
0.019281
0.019860
0.018115
0.023975
0.064651
0.024171
0.020733
0.018960
0.019959
0.020133
0.018878
0.035704
0.022755
0.017598
0.064276
0.024728
0.020651
0.018440
0.018429
0.019185
0.017444
0.019623
0.021374
0.017362
0.064196
0.021787
0.020219
0.022180
0.018673
0.018990
0.019746
0.018507
