1.927048
0.064826
0.128439
0.158125
0.094176
0.152621
0.074198
0.086092
0.078842
0.146260
0.159496
0.063974
0.072735
0.087675
0.051658
0.031071
0.087609
0.045803
0.051413
0.040510
0.171413
0.093830
0.069162
0.066667
0.111789
0.065891
0.058836
0.039367
0.100083
0.117958
0.165115
0.114499
0.068427
0.067883
0.060019
0.070925
0.078650
0.113638
0.048684
0.055915
0.155980
0.051604
0.069021
0.133358
0.102361
0.087726
0.059477
0.055620
0.050120
0.060582
0.143548
0.102911
0.049623
0.070502
0.066288
0.071924
0.096374
0.130543
0.133636
0.071309
0.127108
0.036753
0.121784
0.074707
0.096751
0.082285
0.078491
0.091780
0.117463
0.068362
0.153738
0.050252
0.032191
0.036941
0.042560
0.032677
0.051990
0.046903
0.065904
0.077020
0.172181
0.060316
0.056612
0.081606
0.041448
0.115148
0.062865
0.071935
0.182972
0.190990
0.185879
0.128570
0.130059
0.212769
0.071459
0.069849
0.070428
0.097137
0.018311
0.030439
0.087616
0.030180
0.013569
0.014027
0.056550
0.065933
0.010248
0.015638
0.017103
0.026337
0.125087
0.018760
0.014121
0.023334
0.010897
0.016964
0.028507
0.023706
0.010947
0.018442
0.106797
0.028453
0.015763
0.025785
0.021556
0.010941
0.021013
0.030820
0.012053
0.019939
0.112508
0.010508
0.016848
0.016497
0.014354
0.027193
0.012910
0.012921
0.014883
0.021511
0.108113
0.020392
0.013276
0.012913
0.012022
0.034261
0.012516
0.027987
0.024551
0.010868
0.109714
0.011598
0.011577
0.015904
0.011046
0.011908
0.014724
0.013131
0.009677
0.010105
0.119582
0.010164
0.036331
0.019776
0.020612
0.047623
0.049034
0.045671
0.074512
0.043175
0.088641
0.059591
0.052181
0.041010
0.048033
0.048202
0.089719
0.106968
0.070226
0.067502
0.153211
0.132144
0.070053
0.057313
0.066884
0.110260
0.072842
0.057328
0.115470
0.065670
0.130240
0.061703
0.077440
0.043618
0.068810
0.147311
0.091771
0.061495
0.053883
0.064222
