1.674965
0.034796
0.039431
0.071250
0.048878
0.054723
0.046985
0.223155
0.171264
0.186528
0.223150
0.125559
0.232629
0.064533
0.048097
0.067395
0.080318
0.072404
0.067247
0.083373
0.155577
0.122087
0.086317
0.073969
0.019727
0.015576
0.022700
0.029932
0.025259
0.019344
0.090106
0.016740
0.013555
0.020809
0.035028
0.015587
0.015416
0.015655
0.014405
0.019617
0.069068
0.017100
0.032352
0.039065
0.023005
0.025300
0.023764
0.028273
0.039456
0.033511
0.130156
0.058584
0.041303
0.022279
0.032584
0.019381
0.031449
0.018823
0.012863
0.023870
0.116017
0.017319
0.017565
0.016629
0.023131
0.030776
0.042864
0.021048
0.019525
0.023627
0.123105
0.018990
0.023061
0.027298
0.020086
0.034382
0.015320
0.019809
0.013822
0.025389
0.109078
0.026898
0.014834
0.016411
0.020400
0.017266
0.014917
0.023649
0.039097
0.028186
0.113500
0.016661
0.040964
0.015781
0.031968
0.015599
0.023986
0.033539
0.017550
0.021969
0.134465
0.017765
0.031875
0.040242
0.022840
0.027468
0.024920
0.022513
0.028430
0.015225
0.077152
0.020881
0.053293
0.015282
0.021727
0.023557
0.023761
0.044423
0.014301
0.014560
0.146578
0.032086
0.041256
0.042818
0.036170
0.036587
0.023314
0.041785
0.029921
0.035642
