1.954883
0.044932
0.045994
0.046287
0.166899
0.128377
0.281656
0.176625
0.081940
0.122132
0.262378
0.103794
0.138179
0.050005
0.060371
0.096240
0.081957
0.049658
0.032988
0.051287
0.119576
0.060637
0.152622
0.082163
0.087921
0.107437
0.110873
0.146641
0.172132
0.088900
0.162041
0.225440
0.148008
0.139258
0.102520
0.083263
0.151191
0.190866
0.114897
0.051662
0.146049
0.043601
0.043136
0.052176
0.131885
0.067978
0.117826
0.086475
0.115619
0.051298
0.196919
0.055950
0.049984
0.067193
0.073342
0.074399
0.082035
0.099148
0.059814
0.052543
0.137807
0.092205
0.105957
0.085963
0.086370
0.048254
0.044499
0.036728
0.038436
0.118140
0.218598
0.045088
0.083030
0.134922
0.167632
0.057295
0.102192
0.074105
0.107201
0.059456
0.159348
0.064295
0.080607
0.050971
0.066783
0.095584
0.158165
0.064953
0.106355
0.138030
0.090796
0.053790
0.070892
0.055082
0.033510
0.062837
0.100784
0.100529
0.131868
0.150821
0.123658
0.067825
0.058446
0.065148
0.038729
0.119579
0.056143
0.067285
0.122052
0.101974
0.174186
0.085987
0.104842
0.126207
0.072009
0.068818
0.069438
0.054051
0.161397
0.108398
0.194225
0.051791
0.048902
0.041159
0.044520
0.036459
0.056915
0.053202
0.041532
0.103504
0.188211
0.181852
0.195554
0.224857
0.207771
0.215267
0.079165
0.076341
0.123407
0.083444
0.214044
0.069817
0.082049
0.074124
0.075809
0.093504
0.105002
0.058636
0.077781
0.067085
0.196976
0.062152
0.091204
0.125571
0.167493
0.162417
0.112257
0.045198
0.123353
0.099343
0.185247
0.068848
0.066949
0.067696
0.053728
0.094258
0.066006
0.067994
0.063955
0.060242
0.152811
0.060865
0.074491
0.062594
0.038207
0.061865
0.060867
0.097597
0.066140
0.071113
0.139803
0.055117
0.050290
0.133208
0.083570
0.135434
0.049561
0.099781
0.059971
0.055022
0.108802
0.059850
0.059193
0.059772
0.057070
0.059633
0.078694
0.111610
0.156091
0.072617
0.168872
0.052253
0.070527
0.078876
0.100074
0.075379
0.100612
0.094555
0.147386
0.177382
0.169115
0.052751
0.069036
0.071858
0.073025
0.124537
0.073679
0.149514
0.063667
0.080906
0.190049
0.058030
0.133950
0.071349
0.075337
0.069323
0.061175
0.095122
0.066541
0.134231
0.130832
0.047945
0.060424
0.067433
0.065906
0.061088
0.061169
0.056964
0.055137
0.075060
0.089867
0.041866
0.076462
0.060050
0.141796
0.081412
0.067130
0.016574
0.056896
0.055389
0.119276
0.224376
0.159175
0.015811
0.020036
0.246079
0.010173
0.176455
0.018114
0.011630
0.126106
0.058151
0.041633
0.061017
0.073590
0.072520
0.019362
0.084982
0.084733
0.047946
0.096640
0.133152
0.073406
0.052022
0.102891
0.064802
0.073794
0.087782
0.063486
0.087501
0.155998
0.239394
0.236864
0.085238
0.101177
0.068359
0.055762
0.107923
0.034453
0.058842
0.089716
0.035175
0.070290
0.073583
0.187680
0.112592
0.094501
0.162145
0.172060
0.143331
0.151086
0.236286
0.158984
0.135903
0.189801
0.145542
0.147601
0.141306
0.195397
0.159304
