1.680874
0.075125
0.113963
0.068937
0.071292
0.265594
0.205011
0.199663
0.233947
0.163434
0.116719
0.160621
0.044362
0.057476
0.033513
0.035969
0.032242
0.023331
0.056980
0.090896
0.124059
0.072042
0.127681
0.066195
0.063461
0.040757
0.025557
0.042691
0.124682
0.078485
0.275317
0.075037
0.112492
0.069334
0.076110
0.070012
0.068910
0.096687
0.109951
0.088814
0.172505
0.176416
0.072677
0.060229
0.179390
0.077204
0.073951
0.102751
0.092384
0.084364
0.175044
0.143450
0.176665
0.090410
0.057817
0.111556
0.031657
0.071907
0.104414
0.069376
0.180910
0.173960
0.145526
0.065340
0.111906
0.046291
0.134689
0.053833
0.031773
0.015752
0.180745
0.066776
0.110883
0.179929
0.120385
0.091034
0.132876
0.102134
0.101894
0.106795
0.140326
0.048900
0.054936
0.081352
0.215267
0.059016
0.067057
0.080486
0.123780
0.039289
0.194246
0.058512
0.064084
0.162460
0.057350
0.102487
0.069032
0.088295
0.079422
0.052858
0.153121
0.122164
0.082425
0.098257
0.143745
0.062849
0.076081
0.065521
0.074084
0.072210
0.177941
0.126901
0.065895
0.065854
0.073417
0.065661
0.116918
0.081795
0.073289
0.089454
0.174419
0.102976
0.070575
0.053183
0.058706
0.045722
0.130874
0.090727
0.105251
0.068197
0.154234
0.131222
0.085191
0.075510
0.105644
0.074925
0.132545
0.095524
0.125604
0.089994
0.124737
0.118053
0.040751
0.055511
0.067090
0.073191
0.068046
0.116614
0.107724
0.084920
0.132866
0.109585
0.076351
0.062963
0.067140
0.098977
0.067115
0.056920
0.103716
0.062177
0.184235
0.032933
0.059538
0.106996
0.055925
0.099204
0.057612
0.060925
0.100261
0.099801
0.151471
0.101089
0.080245
0.117092
0.074861
0.113623
0.066938
0.089957
0.174502
0.101680
0.162821
0.031126
0.135870
0.057630
0.087280
0.060167
0.087615
0.083845
0.049131
0.097015
0.201612
0.070844
0.081098
0.096712
0.046515
0.066490
0.072327
0.062966
0.047769
0.110260
