2.491172
0.196010
0.101005
0.052603
0.043394
0.052304
0.094111
0.126175
0.262226
0.193354
0.230372
0.238971
0.199962
0.093425
0.064229
0.094560
0.031928
0.056528
0.069247
0.070994
0.119210
0.094091
0.073488
0.052951
0.080336
0.177519
0.059771
0.065133
0.071126
0.035239
0.143229
0.068949
0.076186
0.081981
0.058963
0.034646
0.054864
0.081122
0.066800
0.073231
0.125610
0.037970
0.054842
0.048057
0.081224
0.098109
0.107159
0.066727
0.130576
0.063813
0.146017
0.041297
0.077894
0.041220
0.040031
0.041883
0.045345
0.060091
0.060222
0.055646
0.151754
0.135691
0.047871
0.073273
0.057603
0.068833
0.066629
0.061989
0.087935
0.064686
0.095247
0.056232
0.075121
0.067205
0.143676
0.052687
0.057869
0.068703
0.077407
0.075634
0.151931
0.106450
0.079056
0.130935
0.114416
0.113438
0.072687
0.121247
0.058228
0.126303
0.169038
0.079691
0.052099
0.078239
0.043756
0.180801
0.051842
0.120531
0.127913
0.056479
0.161639
0.055573
0.055433
0.047455
0.122544
0.055477
0.080770
0.167130
0.097071
0.122777
0.166179
0.086887
0.082805
0.083912
0.081592
0.104477
0.063915
0.125362
0.061578
0.009187
0.184306
0.069715
0.076600
0.062715
0.081724
0.050632
0.078061
0.090879
0.070147
0.085565
0.122865
0.052706
0.074390
0.070074
0.067813
0.076664
0.035520
0.046683
0.037638
0.050246
0.152629
0.118930
0.110930
0.085535
0.041804
0.092585
0.084007
0.084565
0.117280
0.107672
0.143934
0.064552
0.049952
0.048545
0.056712
0.048969
0.065818
0.107864
0.048643
0.111148
0.174748
0.043968
0.070664
0.091128
0.081545
0.048955
0.078012
0.054794
0.047461
0.075330
0.095501
0.060946
0.055975
0.124689
0.136939
0.069429
0.114788
0.040062
0.058758
0.069793
0.147254
0.047862
0.041935
0.065407
0.127496
0.093922
0.050871
0.071326
0.048635
0.052112
0.157466
0.120707
0.012425
0.054491
0.170253
0.042809
0.177444
0.094756
0.121415
0.048308
0.144200
0.074197
0.052580
0.063208
0.065851
0.128773
0.302861
0.201508
0.197212
0.171371
0.321820
0.131392
0.121654
0.060789
0.109054
0.098323
0.089050
0.123350
0.067306
0.080878
0.209639
0.111515
0.070747
0.125201
0.059586
0.039760
0.075235
0.051260
0.049352
0.070695
0.121016
0.122041
0.065719
0.018939
0.033019
0.054207
0.078296
0.109963
0.070125
0.112850
0.157068
0.040415
0.030748
0.053006
0.053581
0.057427
0.037604
0.064398
0.047183
0.030710
0.095935
0.034084
0.042622
0.111872
0.061011
0.100107
0.133410
0.128291
0.050566
0.097646
0.184134
0.050140
0.065232
0.061599
0.084950
0.114957
0.125389
0.071079
0.055046
0.052252
0.201845
0.072457
0.088725
0.111899
0.058079
0.050557
0.058382
0.120532
0.114094
0.057722
0.146469
0.067150
0.050584
0.104274
0.057683
0.036985
0.084409
0.072843
0.132800
0.066687
0.169714
0.137146
0.066466
0.109125
0.070575
0.076127
0.067820
0.058583
0.051991
0.141959
0.177400
0.055728
0.076187
0.154140
0.098298
0.073142
0.116229
0.117237
0.051438
0.067775
0.189823
0.072788
0.063119
