2.100870
0.054026
0.065083
0.051931
0.152718
0.065131
0.017288
0.013122
0.010383
0.035504
0.177313
0.080408
0.059193
0.098793
0.079824
0.120219
0.047995
0.067911
0.121583
0.121538
0.175741
0.069728
0.074351
0.055764
0.091106
0.074758
0.055798
0.086455
0.079924
0.105885
0.164667
0.059712
0.155102
0.115809
0.167423
0.090869
0.041379
0.085757
0.085919
0.039500
0.193477
0.058679
0.039162
0.161614
0.069881
0.062762
0.082732
0.072910
0.091643
0.167838
0.203274
0.280920
0.155624
0.046598
0.153667
0.105021
0.126904
0.101808
0.043317
0.037188
0.088115
0.096090
0.108880
0.112229
0.143191
0.055254
0.135660
0.270541
0.176092
0.290280
0.215873
0.132180
0.212263
0.128354
0.170005
0.099086
0.102614
0.033638
0.052847
0.033015
0.126919
0.034793
0.045530
0.036944
0.048012
0.027684
0.122608
0.143218
0.188424
0.176974
0.335705
0.190652
0.167911
0.160822
0.122628
0.061770
0.112135
0.186342
0.152417
0.183902
0.162331
0.052539
0.040428
0.047402
0.102857
0.072018
0.046807
0.040092
0.063468
0.069175
0.163226
0.149375
0.052441
0.133946
0.132360
0.055860
0.059491
0.154517
0.076196
0.089177
0.145073
0.064250
0.064932
0.043834
0.054116
0.049715
0.062153
0.062660
0.138019
0.089669
0.170461
0.043088
0.037163
0.042752
0.043638
0.043243
0.093665
0.044388
0.099272
0.064341
0.123954
0.052976
0.039430
0.134197
0.037079
0.043152
0.071148
0.072131
0.064135
0.063438
0.199993
0.154745
0.202842
0.103860
0.137434
0.067330
0.082614
0.210167
0.209929
0.091551
0.115010
0.049434
0.043983
0.058715
0.068076
0.039927
0.053756
0.106795
0.198785
0.107254
0.173934
0.153033
0.141964
0.157585
0.104276
0.234241
0.136996
0.039770
0.042224
0.235543
0.115768
0.133514
0.062463
0.048885
0.087396
0.183703
0.053802
0.154291
0.112655
0.070930
0.173290
0.195455
0.047312
0.052549
0.063756
0.056318
0.214885
0.181844
0.153369
0.031626
