1.729938
0.068433
0.062676
0.061329
0.070769
0.064822
0.052182
0.059070
0.083336
0.011011
0.102411
0.048130
0.062036
0.064352
0.106797
0.045784
0.064789
0.072192
0.077926
0.011312
0.109885
0.037016
0.057529
0.083306
0.106460
0.060118
0.115759
0.077959
0.072041
0.085242
0.155689
0.063322
0.049010
0.065957
0.066245
0.063356
0.056199
0.052815
0.090956
0.114197
0.178111
0.064500
0.055873
0.058631
0.052653
0.067919
0.126853
0.076416
0.188120
0.079509
0.143094
0.063675
0.058540
0.046607
0.080093
0.099918
0.073201
0.044461
0.041458
0.042077
0.132510
0.049259
0.068001
0.115798
0.064753
0.064647
0.047112
0.074696
0.187008
0.202208
0.363078
0.133690
0.179149
0.156123
0.049834
0.082710
0.165400
0.037908
0.071707
0.100446
0.142879
0.055421
0.061330
0.053249
0.060545
0.038262
0.054618
0.026346
0.036042
0.040804
0.115609
0.040062
0.055952
0.051818
0.051799
0.038847
0.062992
0.071043
0.070702
0.126839
0.309552
0.251036
0.159759
0.099349
0.155699
0.071438
0.061047
0.055212
0.118101
0.084431
0.146783
0.111930
0.054290
0.103288
0.072508
0.095649
0.066740
0.080554
0.091876
0.113222
0.137506
0.057254
0.050037
0.096761
0.126040
0.072760
0.049418
0.122294
0.067053
0.051758
0.158098
0.075316
0.066033
0.080307
0.059120
0.089505
0.075116
0.063217
0.071276
0.080037
0.148676
0.055669
0.050302
0.064124
0.045958
0.065576
0.053996
0.059885
0.043164
0.036137
0.278816
0.088846
0.056605
0.084831
0.062555
0.110231
0.059235
0.054016
0.045815
0.043831
0.095803
0.155125
0.064423
0.051441
0.027219
0.060858
0.086360
0.031497
0.124465
0.056923
0.142036
0.058219
0.061048
0.054362
0.160399
0.118795
0.077321
0.026274
0.101451
0.055507
0.119719
0.048167
0.050843
0.042213
0.060232
0.067010
0.081571
0.053926
0.048574
0.123083
0.099245
0.068748
0.054423
0.059922
0.069399
0.044898
0.061122
0.091278
0.068082
0.070345
0.114559
0.060363
0.045066
0.152617
0.024064
0.047214
0.036954
0.089520
0.054262
0.042944
0.114901
0.093464
0.049122
0.047325
0.058496
0.060314
0.062498
0.066964
0.093530
0.135137
0.132999
0.054103
0.108777
0.063210
0.120229
0.060360
0.053319
0.203053
0.066699
0.044036
0.084764
0.031559
0.075801
0.092979
0.125638
0.054066
0.064325
0.065282
0.054072
0.114916
0.176653
0.150519
0.513258
0.318198
0.308917
0.312478
0.220098
0.059409
0.045360
0.147663
0.278176
0.168967
0.159211
0.370179
0.118057
0.101121
0.050877
0.052912
0.039507
0.088246
0.143269
0.060205
0.201378
0.072205
0.079629
0.113115
0.071726
0.184482
0.074589
0.122185
0.188370
0.054723
0.073422
0.160894
0.062994
0.114913
0.069094
0.067622
0.168776
0.044745
0.161205
0.069454
0.071574
0.177462
0.070998
0.076283
0.049851
0.032783
0.058757
0.042445
0.167925
0.095677
0.065625
0.077876
0.074571
0.062177
0.136131
0.066777
0.121925
0.077108
0.159241
0.050239
0.055872
0.073096
0.059424
0.069006
0.092900
0.125676
0.048476
0.097871
0.144564
0.116662
0.145693
0.040352
0.102770
0.026195
0.192370
0.083117
0.177413
0.148046
0.100792
0.117184
0.115829
0.130372
0.055568
0.031826
0.090723
0.064245
0.066077
0.133084
0.160343
0.095531
0.161155
0.066055
0.037264
0.031975
0.077431
0.101355
0.156775
0.049212
0.130239
0.117457
0.052227
0.062924
0.086783
0.086463
0.060002
0.098396
0.138268
0.123075
0.136552
0.159637
0.059214
0.064798
0.096452
0.231570
0.134572
0.107499
0.057603
0.089551
0.158951
0.087078
0.071481
0.058998
0.077357
0.069414
0.056367
0.047397
0.078348
0.125357
0.116589
0.066376
0.081265
0.045747
0.101748
0.063429
0.069337
0.052611
0.073319
0.142704
0.140707
0.134706
0.074111
0.116282
0.074455
0.051504
0.063345
0.096308
0.062163
0.065375
0.125519
0.065604
0.059017
0.085399
0.082609
0.151822
0.043326
0.039455
0.090480
0.084255
0.117936
0.050724
0.035252
0.036880
0.101088
0.048079
0.113892
0.077356
0.074951
0.136072
0.322952
0.191900
0.155340
0.162601
0.145341
0.171836
0.042854
0.081151
0.114292
0.093384
0.168228
0.115928
0.051767
0.037754
0.044954
0.115838
0.076102
0.035662
0.040044
0.041070
0.106079
0.077549
0.103585
0.088410
0.064323
0.066306
0.132613
0.062572
0.068061
0.079622
0.114252
0.059615
0.059319
0.061669
0.219322
0.121844
0.109268
0.109640
0.141288
0.058905
0.107653
0.102921
0.062617
0.131385
0.130127
0.126334
0.179376
0.071445
0.082662
0.065202
0.213724
0.083918
0.095530
0.068422
0.196652
0.076363
0.115287
0.048362
0.028870
0.040765
0.139144
0.054253
0.039436
0.070122
0.136360
0.062505
0.062196
0.097171
0.067019
0.054158
0.141937
0.078846
0.093237
0.138078
0.079377
0.103420
0.078955
0.069585
0.066857
0.080417
0.221134
0.141734
0.085931
0.127724
0.050648
0.086661
0.142417
0.052003
0.040154
0.054448
0.154419
0.100661
0.060494
0.071208
0.126237
0.033947
0.101004
0.048377
0.089340
0.076106
0.209877
0.069354
0.108515
0.157851
0.237334
0.158415
0.139242
0.163279
0.138286
0.059270
0.158383
0.102546
0.042198
0.055091
0.207763
0.169820
0.183983
0.143776
0.183935
0.092029
0.320449
0.049492
0.073917
0.045612
0.085309
0.091428
0.062884
0.045791
0.104636
0.060723
0.152614
0.095027
0.084378
0.096262
0.055068
0.082932
0.103049
0.028136
0.103246
0.080697
0.110954
0.068624
0.055274
0.188185
0.117029
0.051871
0.078055
0.051610
0.073361
0.120355
0.228177
0.104638
0.077441
0.103261
0.094795
0.059650
0.073163
0.137146
0.049337
0.064855
0.139791
0.083699
0.070175
0.069142
0.119603
0.046872
0.084678
0.057553
0.062633
0.084745
