2.577860
0.130404
0.082277
0.110371
0.067484
0.066479
0.094126
0.133461
0.097128
0.071710
0.142444
0.044419
0.045807
0.044414
0.029425
0.081593
0.037143
0.091640
0.060904
0.055677
0.094488
0.132735
0.196407
0.212888
0.260139
0.190670
0.140672
0.059541
0.103394
0.045991
0.168471
0.082199
0.068669
0.098750
0.091666
0.063761
0.068256
0.120615
0.165638
0.073373
0.149733
0.198794
0.169966
0.194848
0.049737
0.169978
0.085533
0.074738
0.095867
0.073371
0.162292
0.077310
0.081053
0.066493
0.081340
0.150766
0.118306
0.073154
0.070426
0.065002
0.105169
0.100214
0.053110
0.057831
0.109700
0.109916
0.070488
0.075069
0.066786
0.067891
0.187649
0.088755
0.208006
0.141877
0.132459
0.134957
0.140155
0.200002
0.174294
0.120880
0.085560
0.072111
0.074764
0.151095
0.065719
0.273512
0.134748
0.168538
0.056891
0.176499
0.165399
0.175812
0.167762
0.194082
0.151179
0.163778
0.153068
0.101690
0.131447
0.151165
0.171451
0.062234
0.059655
0.060043
0.128490
0.108761
0.075736
0.106125
0.074902
0.090573
0.237831
0.116052
0.089529
0.054372
0.086236
0.078229
0.079638
0.058842
0.075971
0.076838
0.217564
0.089795
0.125450
0.050857
0.084070
0.053932
0.070800
0.059786
0.053386
0.147934
0.166650
0.070884
0.083860
0.079225
0.129802
0.070105
0.098829
0.110571
0.086268
0.070789
0.157186
0.060272
0.139024
0.136589
0.064205
0.079150
0.068820
0.080456
0.138496
0.109235
0.157590
0.100620
0.125573
0.154319
0.112007
0.174233
0.164545
0.071168
0.086375
0.156018
0.176533
0.203661
0.093591
0.219170
0.183975
0.149100
0.174173
0.070561
0.057827
0.167079
0.186642
0.064240
0.053118
0.053469
0.052835
0.076402
0.171006
0.137932
0.055550
0.163815
0.112929
0.175000
0.191784
0.180270
0.287988
0.129394
0.132623
0.060457
0.173059
0.163024
0.184670
0.120922
0.094816
0.095115
0.067888
0.160376
0.220201
0.145092
0.059449
0.096123
0.343415
0.104511
0.182069
0.074546
0.073959
0.077499
0.053003
0.065705
0.100837
0.131168
0.214413
0.079951
0.075022
0.090324
0.069422
0.085788
0.125624
0.031232
0.057554
0.053971
0.178757
0.085901
0.060361
0.046304
0.069119
0.084607
0.220009
0.389488
0.110862
0.092443
0.134002
0.133252
0.159423
0.128926
0.156157
0.214508
0.086459
0.205551
0.122483
0.155444
0.209890
0.074619
0.050911
0.107761
0.076845
0.079663
0.136021
0.068249
0.069790
0.080989
0.121288
0.053339
0.047791
0.166660
0.083045
0.063273
0.133979
0.058375
0.095886
0.111734
0.205569
0.048623
0.058153
0.079240
0.156532
0.066513
0.072287
0.095805
0.067309
0.067706
0.174608
0.093810
0.086479
0.056366
0.058115
0.183147
0.057431
0.166868
0.058628
0.046584
0.124494
0.115529
0.326342
0.179469
0.205493
0.268139
0.165602
0.110556
0.089723
0.058779
0.223785
0.100669
0.093061
0.090015
0.060081
0.070502
0.064267
0.081513
0.096317
0.114288
0.154734
0.063316
0.091768
0.110423
0.107573
0.042365
0.060763
0.049734
0.146816
0.025935
