2.096205
0.062385
0.083804
0.060810
0.081386
0.055898
0.047668
0.096339
0.040206
0.063169
0.133893
0.021747
0.050662
0.056012
0.056857
0.042011
0.049977
0.051264
0.111402
0.097867
0.130236
0.042912
0.087511
0.051926
0.121195
0.071488
0.061518
0.069092
0.125768
0.068333
0.156608
0.061755
0.053813
0.062704
0.063953
0.047572
0.067185
0.050104
0.055807
0.055769
0.193643
0.053846
0.113492
0.059820
0.050323
0.065367
0.072352
0.067396
0.065047
0.058063
0.147271
0.062056
0.052701
0.053836
0.047313
0.067969
0.164825
0.062161
0.134671
0.060928
0.201525
0.076932
0.113970
0.041657
0.058794
0.042133
0.063705
0.052843
0.065816
0.085663
0.157622
0.054367
0.057248
0.110175
0.046866
0.050788
0.082716
0.072313
0.065645
0.070384
0.127241
0.099220
0.060593
0.044403
0.049090
0.137059
0.070200
0.053715
0.071481
0.053271
0.179485
0.050555
0.067063
0.044183
0.073150
0.073508
0.056561
0.045354
0.168872
0.045444
0.140949
0.039136
0.050854
0.056164
0.144398
0.095456
0.136770
0.122358
0.089383
0.161207
0.254516
0.069033
0.053065
0.121959
0.113266
0.068555
0.039492
0.047653
0.063246
0.081829
0.173449
0.071892
0.062333
0.076125
0.069277
0.098454
0.074064
0.076772
0.124068
0.058787
0.220654
0.084952
0.060557
0.072648
0.100305
0.066059
0.103317
0.108815
0.047638
0.083461
0.156605
0.052551
0.126341
0.070946
0.137025
0.069675
0.101502
0.056094
0.081950
0.061524
0.144572
0.069834
0.080585
0.148255
0.068122
0.060609
0.077851
0.084752
0.040537
0.055368
0.176081
0.072795
0.055833
0.137593
0.181900
0.065735
0.065912
0.119436
0.089289
0.095432
0.176537
0.074769
0.065480
0.102393
0.065027
0.149608
0.058469
0.042312
0.050688
0.102839
0.157615
0.070872
0.069217
0.084062
0.041188
0.062207
0.059945
0.063002
0.091825
0.030619
0.104260
0.103033
0.080243
0.047627
0.079618
0.065751
0.108404
0.047857
0.051606
0.040899
0.146903
0.050389
0.061564
0.089344
0.093807
0.054622
0.052308
0.038535
0.055756
0.049428
0.148804
0.052275
0.054495
0.065918
0.081762
0.054489
0.051721
0.068399
0.184093
0.104416
0.133216
0.055720
0.082484
0.046578
0.046698
0.059157
0.136447
0.067780
0.053226
0.064863
0.127677
0.053169
0.076721
0.032131
0.043037
0.053920
0.078357
0.070474
0.068892
0.061756
0.162392
0.048805
0.053409
0.102547
0.072634
0.054742
0.049889
0.175663
0.130386
0.109124
0.368661
0.115370
0.195183
0.125703
0.100558
0.116325
0.123351
0.063158
0.069127
0.056118
0.106457
0.084539
0.088332
0.094002
0.129500
0.069705
0.145929
0.109996
0.063597
0.126067
0.266495
0.062776
0.178725
0.127750
0.049413
0.049433
0.070109
0.046779
0.113981
0.076060
0.112259
0.054451
0.046757
0.070953
0.069842
0.088849
0.069308
0.070131
0.074611
0.081735
0.108684
0.119901
0.174878
0.180612
0.234705
0.111435
0.206968
0.094772
0.206208
0.136511
0.137366
0.047635
0.092627
0.061024
0.088616
0.056590
0.125845
0.083126
0.096125
0.094515
0.178917
0.053866
0.105275
0.052334
0.060661
0.089520
0.064415
0.146322
0.163393
0.138132
0.123108
0.078307
0.062723
0.115213
0.074111
0.102406
0.053239
0.096635
0.079709
0.104790
0.220424
0.031905
0.084220
0.097107
0.061421
0.091368
0.100198
0.071358
0.055378
0.077939
0.248519
0.096442
0.033005
0.043898
0.094798
0.120221
0.135808
0.088127
0.133132
0.058288
0.099642
0.053669
0.102736
0.052024
0.117902
0.057734
0.085824
0.135848
