2.230556
0.084904
0.101370
0.111150
0.096221
0.107559
0.187362
0.071550
0.163087
0.070817
0.168960
0.067409
0.083293
0.096981
0.133792
0.086373
0.077842
0.065282
0.063740
0.056108
0.198416
0.086294
0.075221
0.069033
0.048795
0.054451
0.074847
0.068846
0.071294
0.068120
0.188791
0.145006
0.136547
0.133164
0.124385
0.156550
0.199772
0.190659
0.073956
0.101626
0.146369
0.100944
0.093620
0.075294
0.049907
0.065503
0.105610
0.069344
0.113356
0.096639
0.104657
0.044981
0.041337
0.081250
0.080921
0.139960
0.076184
0.073628
0.085861
0.062238
0.187954
0.077187
0.103664
0.045772
0.061171
0.070740
0.076674
0.176551
0.056737
0.077367
0.176695
0.122444
0.173072
0.148661
0.039570
0.088269
0.055669
0.084406
0.097702
0.119432
0.127416
0.090751
0.068355
0.075838
0.068227
0.168978
0.092587
0.108685
0.063267
0.083919
0.267724
0.122276
0.075581
0.137522
0.148308
0.101216
0.133943
0.110029
0.134518
0.116621
0.138736
0.140384
0.169244
0.100502
0.113274
0.078360
0.165377
0.065678
0.068385
0.175131
0.144668
0.085921
0.241208
0.059903
0.131832
0.067355
0.116551
0.050436
0.139357
0.121130
0.152308
0.069587
0.190569
0.090051
0.108792
0.206586
0.070823
0.200055
0.084001
0.115565
0.164818
0.096355
0.119595
0.122091
0.088924
0.068240
0.121778
0.128813
0.136647
0.095633
0.172080
0.070304
0.046439
0.063822
0.072339
0.089547
0.107742
0.224212
0.102125
0.084735
0.132759
0.091033
0.082078
0.136774
0.203490
0.126091
0.187479
0.075311
0.119006
0.091239
0.179960
0.135268
0.095705
0.118164
0.190182
0.051183
0.068447
0.190263
0.070490
0.054330
0.160982
0.081357
0.114276
0.074175
0.153243
0.145935
0.193716
0.181213
0.189595
0.174911
0.179352
0.101864
0.084577
0.061317
0.138851
0.035645
0.071121
0.184725
0.145483
0.077529
0.218546
0.042145
0.042028
0.040782
0.034831
0.024726
0.033168
0.032600
0.022270
0.029748
