2.008968
0.059045
0.086610
0.031548
0.053468
0.066004
0.090774
0.090210
0.174269
0.110781
0.267868
0.253234
0.185195
0.278076
0.108657
0.046958
0.068725
0.061239
0.070273
0.053703
0.232522
0.072086
0.060811
0.079120
0.077120
0.051634
0.089216
0.062597
0.065486
0.095686
0.111857
0.059326
0.099123
0.091892
0.084911
0.155318
0.043269
0.058582
0.053129
0.048299
0.171349
0.047019
0.112148
0.099623
0.059705
0.178516
0.094594
0.106374
0.056596
0.060336
0.182322
0.116530
0.061446
0.042998
0.118079
0.122890
0.077725
0.071377
0.094374
0.078424
0.207708
0.054982
0.059389
0.077882
0.146168
0.088592
0.085918
0.062341
0.069605
0.047677
0.140730
0.055913
0.114379
0.098786
0.119107
0.066343
0.059917
0.069111
0.148647
0.044558
0.129875
0.121147
0.054526
0.083924
0.060941
0.184038
0.070952
0.046023
0.068460
0.074190
0.166836
0.054890
0.128087
0.072676
0.109322
0.074831
0.064868
0.203896
0.174208
0.168923
0.143025
0.073587
0.091344
0.065175
0.053539
0.059996
0.091687
0.123798
0.063334
0.088213
0.134470
0.063864
0.090019
0.171379
0.053867
0.075288
0.086643
0.120718
0.056451
0.074982
0.173202
0.065840
0.112645
0.120231
0.068848
0.059832
0.112028
0.136196
0.096739
0.062065
0.154945
0.054771
0.105038
0.060820
0.078217
0.168473
0.067283
0.146514
0.085906
0.063864
0.214288
0.078141
0.072674
0.054256
0.055008
0.055808
0.055219
0.072489
0.095305
0.048201
0.199245
0.216285
0.212765
0.116573
0.081172
0.107273
0.110245
0.075996
0.185536
0.118274
0.152843
0.083806
0.056907
0.047376
0.097113
0.104067
0.052861
0.060248
0.050960
0.076413
0.166905
0.093757
0.066118
0.094102
0.054671
0.068956
0.072779
0.071794
0.100175
0.065084
0.173991
0.134104
0.208391
0.054928
0.081385
0.147709
0.104736
0.078577
0.092758
0.053025
0.190856
0.173718
0.103576
0.127185
0.074703
0.069584
0.091046
0.090136
0.069533
0.067481
0.230132
0.084065
0.106166
0.081785
0.071114
0.120853
0.051950
0.048459
0.046388
0.169845
0.133124
0.125113
0.124991
0.102306
0.139270
0.115733
0.065535
0.055597
0.067518
0.097642
0.318971
0.080775
0.096286
0.084668
0.140614
0.097936
0.068889
0.059842
0.056623
0.065974
0.248296
0.061306
0.070207
0.059170
0.062098
0.045296
0.098991
0.061072
0.044732
0.040625
0.200576
0.062129
0.076311
0.062631
0.047179
0.054413
0.054607
0.280991
0.187247
0.246718
0.362407
0.132618
0.053652
0.074373
0.057108
0.072076
0.091794
0.064119
0.122922
0.093000
0.174460
0.049993
0.095200
0.103799
0.051282
0.099065
0.067548
0.098488
0.102270
0.058756
0.139330
0.064145
0.099171
0.070424
0.209330
0.112397
0.055694
0.098397
0.105906
0.047923
0.193418
0.067410
0.073602
0.043564
0.072781
0.114012
0.073145
0.109327
0.145703
0.056215
0.161899
0.056674
0.080460
0.169720
0.113954
0.090171
0.097677
0.061608
0.105373
0.059838
0.130444
0.104999
0.059294
0.115870
0.099863
0.092294
0.076293
0.058803
0.059765
0.053742
0.118947
0.054753
0.063110
0.067662
0.118121
0.096943
0.062707
0.079223
0.075916
0.067102
0.114515
0.113513
0.061189
0.051872
0.054062
0.052428
0.075647
0.091288
0.133216
0.085041
0.137084
0.067585
0.049279
0.072318
0.097534
0.069747
0.070603
0.055339
0.051800
0.120433
0.136089
0.060668
0.081665
0.071301
0.080313
0.067258
0.061260
0.059538
0.065003
0.059294
0.110838
0.096447
0.047853
0.090877
0.074601
0.071917
0.113434
0.070292
0.068460
0.186476
0.333727
0.241273
0.116162
0.137962
0.124175
0.084631
0.091886
0.049606
0.048616
0.068329
0.092311
0.036372
0.080841
0.028230
0.030555
0.062680
0.072971
0.053363
0.028916
0.043157
0.129203
0.050789
0.071101
0.054434
0.128888
0.141992
0.104518
0.115479
0.163582
0.245111
0.210244
0.114893
0.097350
0.095659
0.044787
0.070473
0.077968
0.120015
0.083667
0.138947
0.222918
0.095627
0.081780
0.153850
0.082787
0.076067
0.097048
0.141568
0.081461
0.097856
0.180655
0.112159
0.064368
0.141803
0.054251
0.049212
0.054533
0.104335
0.056510
0.106680
0.259331
0.114095
0.065840
0.173272
0.079428
0.057390
0.048299
0.052905
0.125866
0.060244
0.134732
0.121786
0.104277
0.052681
0.091597
0.042250
0.055549
0.054562
0.108298
0.108052
0.121434
0.069156
0.143555
0.074911
0.091959
0.091290
0.115824
0.118598
0.087058
0.159028
0.196013
0.129148
0.252445
0.181423
0.115090
0.048663
0.047379
0.065882
0.069034
0.064370
0.207805
0.158060
0.055291
0.050979
0.054033
0.045979
0.096870
0.036812
0.048101
0.032953
0.170458
0.039907
0.043654
0.048813
0.044058
0.122749
0.116174
0.146938
0.105006
0.149555
0.286858
0.202307
0.103388
0.138120
0.053522
0.070676
0.082603
0.060673
0.063564
0.066849
0.142763
0.069840
0.156567
0.102952
0.123818
0.071783
0.139532
0.088879
0.095835
0.106068
0.284183
0.069679
0.040699
0.054873
0.057216
0.078147
0.064672
0.041456
0.128726
0.091866
0.240906
0.056339
0.104986
0.072368
0.060513
0.105911
0.087665
0.149636
0.072144
0.075114
0.230122
0.052897
0.062635
0.060511
0.054563
0.090517
0.121995
0.077644
0.078558
0.069774
0.210229
0.104339
0.069136
0.063871
0.106632
0.054950
0.084905
0.069740
0.061992
0.078661
0.173273
0.065297
0.099298
0.072165
0.051900
0.056018
0.063120
0.060849
0.060623
0.066722
0.168410
0.077015
0.120755
0.065197
0.071629
0.103849
0.048474
0.046966
0.053019
0.066689
0.111374
0.075643
0.110423
0.091987
0.067544
0.069535
0.069297
0.061330
0.066171
0.078305
0.262380
0.127558
0.047577
0.056840
0.046164
0.070273
0.066233
0.058538
0.066592
0.120578
0.158023
0.122075
0.068114
0.102947
0.060740
0.059252
0.082884
0.062439
0.085723
0.054909
0.126731
0.087241
0.060487
0.087108
0.080301
0.075883
0.112372
0.080875
0.119856
0.080203
0.161650
0.099562
0.072852
0.053400
0.066094
0.047467
0.065086
0.136971
0.068364
0.216612
0.183586
0.057978
0.072454
0.043944
0.056461
0.100779
0.067413
0.083896
0.088322
0.087988
0.151546
0.063844
0.050841
0.062587
0.270072
0.046529
0.067826
0.193388
0.173536
0.093451
0.170521
0.110575
0.079286
0.114003
0.079246
0.082920
0.119843
0.077297
0.064323
0.081565
0.126701
0.060564
0.074465
0.085247
0.096404
0.078059
0.060524
0.114597
0.054287
0.040298
0.130890
0.170345
0.158181
0.137114
0.190836
0.135717
0.129375
0.162510
0.056348
0.043523
0.161896
0.038783
0.188505
0.072881
0.069575
0.113533
0.057503
0.078722
0.088609
0.103210
0.181911
0.073412
0.144962
0.123769
0.075201
0.193651
0.111217
0.114414
0.114805
0.021171
0.121753
0.118386
0.085879
0.109131
0.065245
0.092561
0.064003
0.078910
0.081727
0.053268
0.223283
0.079100
0.119673
0.064231
0.121088
0.116693
0.118110
0.115173
0.064764
0.061007
0.155888
0.063763
0.079800
0.092735
0.048441
0.037303
0.068880
0.090868
0.239612
0.061059
0.141057
0.030642
0.147996
0.188689
0.196686
0.195655
0.122914
0.197551
0.181873
0.121889
0.126704
0.166657
0.086082
0.163077
0.167033
0.115911
0.111807
0.083673
0.108155
0.096523
0.230820
0.060124
0.046349
0.088907
0.177792
0.129052
0.147843
0.138680
0.104341
0.031927
0.154615
0.119917
0.049084
0.066574
0.078128
0.060527
0.061856
0.107563
0.124626
0.050050
