2.236852
0.041859
0.078403
0.052196
0.087883
0.085299
0.133496
0.110682
0.075150
0.049809
0.162522
0.144161
0.069726
0.094563
0.070656
0.067323
0.065784
0.165181
0.065077
0.055035
0.159160
0.046192
0.067170
0.128786
0.078597
0.064547
0.080278
0.112868
0.075808
0.080394
0.153654
0.057959
0.082663
0.073058
0.071918
0.082999
0.075715
0.056650
0.051827
0.046272
0.115707
0.147298
0.064767
0.156951
0.056595
0.059824
0.109796
0.081462
0.342189
0.163589
0.163461
0.078797
0.159465
0.119509
0.156380
0.068423
0.054916
0.045708
0.076691
0.148546
0.129910
0.055330
0.058660
0.078335
0.057508
0.065559
0.055047
0.061728
0.047508
0.128325
0.109401
0.096689
0.076167
0.067254
0.087132
0.095819
0.080740
0.089006
0.048974
0.074707
0.127490
0.051192
0.066926
0.098543
0.036096
0.058415
0.046146
0.054265
0.046279
0.151595
0.110641
0.045330
0.116031
0.046365
0.098586
0.042724
0.071241
0.070896
0.215173
0.097875
0.246483
0.134837
0.129828
0.109340
0.191860
0.119883
0.101528
0.054171
0.052189
0.070421
0.149605
0.089395
0.039259
0.090783
0.049189
0.053690
0.125575
0.075027
0.059206
0.128076
0.158638
0.064315
0.066291
0.044703
0.061110
0.127750
0.105862
0.094380
0.067335
0.070755
0.152532
0.047977
0.060471
0.197255
0.061347
0.088593
0.069108
0.076873
0.079156
0.088059
0.218891
0.145578
0.076224
0.053606
0.091351
0.106052
0.072900
0.084543
0.085267
0.117627
0.172007
0.058945
0.098090
0.096002
0.090669
0.101895
0.118889
0.112691
0.090945
0.065697
0.177993
0.056164
0.077963
0.051935
0.110424
0.045631
0.108898
0.054150
0.046471
0.077893
0.135705
0.080237
0.101749
0.060127
0.038834
0.099924
0.059781
0.050667
0.045962
0.066187
0.147780
0.041524
0.106709
0.031906
0.045585
0.125256
0.047828
0.062894
0.045888
0.081918
0.208004
0.037271
0.091426
0.091533
0.044935
0.050744
0.044584
0.056167
0.045521
0.067590
0.131493
0.123309
0.054691
0.107485
0.057330
0.059798
0.078306
0.062847
0.062235
0.076491
0.126342
0.055820
0.057361
0.146627
0.050186
0.052489
0.061266
0.100410
0.063063
0.066698
0.157922
0.145753
0.080511
0.111259
0.101393
0.079469
0.062882
0.079856
0.121183
0.120260
0.169116
0.034707
0.068194
0.068073
0.055053
0.071462
0.073834
0.088864
0.070250
0.117028
0.129224
0.096410
0.093113
0.068392
0.051613
0.071817
0.060551
0.125757
0.112933
0.053915
0.121597
0.063399
0.104245
0.062441
0.053883
0.123671
0.060975
0.172040
0.084849
0.083927
0.144720
0.062262
0.079703
0.107701
0.071744
0.046704
0.112339
0.107549
0.064688
0.068291
0.145115
0.077913
0.087607
0.104920
0.120107
0.061391
0.082832
0.069292
0.069380
0.048303
0.192274
0.060138
0.082704
0.062741
0.073945
0.075030
0.129029
0.057866
0.063392
0.053880
0.131678
0.098249
0.066502
0.060292
0.173882
0.342191
0.236852
0.301832
0.234169
0.197963
0.244113
0.127372
0.062989
0.070629
0.098433
0.053158
0.064641
0.064839
0.055981
0.191392
0.132347
0.068739
0.053184
0.066508
0.079042
0.097557
0.055478
0.043901
0.081336
0.072442
0.209018
0.109661
0.229381
0.221694
0.192562
0.124322
0.195181
0.146537
0.148614
0.081787
0.156499
0.106180
0.069633
0.047767
0.067482
0.063753
0.055655
0.130414
0.069851
0.076202
0.135879
0.122794
0.077030
0.149958
0.140260
0.168744
0.055905
0.124113
0.117875
0.105947
0.158677
0.099181
0.077505
0.095540
0.051795
0.068915
0.073236
0.085290
0.184586
0.064001
0.188666
0.065238
0.115495
0.117235
0.073506
0.108119
0.149940
0.068594
0.061038
0.079989
0.148708
0.166582
0.081978
0.076365
0.063169
0.065833
0.172710
0.038953
0.060360
0.050341
0.154658
0.044072
0.056783
0.043136
0.113667
0.113033
0.121847
0.038057
0.046952
0.060948
0.157810
0.123260
0.178022
0.106026
0.306896
0.252839
0.224850
0.079790
0.057678
0.046650
0.135029
0.097447
0.086802
0.095671
0.075695
0.076183
0.063289
0.071520
0.057894
0.075667
0.134656
0.052588
0.099228
0.144225
0.051896
0.133247
0.073202
0.065099
0.068687
0.057685
0.131081
0.107421
0.069061
0.051508
0.060790
0.071997
0.053626
0.068182
0.054279
0.088531
0.112446
0.194937
0.033187
0.048900
0.057396
0.035109
0.036149
0.076827
0.072472
0.040900
0.113247
0.059983
0.045296
0.088165
0.062959
0.067372
0.045200
0.053538
0.091319
0.156465
0.139008
0.101321
0.042492
0.066827
0.038108
0.047336
0.026767
0.048974
0.032371
0.072089
0.210386
0.132087
0.066184
0.160687
0.085078
0.124518
0.092043
0.062694
0.087018
0.135239
0.151466
0.149566
0.046175
0.137747
0.137398
0.072280
0.076047
0.083083
0.073188
0.067706
0.137863
0.061311
0.057847
0.148875
0.111114
0.061729
0.083687
0.071568
0.094352
0.053946
0.135188
0.156957
0.065198
0.065808
0.080698
0.081727
0.065786
0.074941
0.028095
0.085142
0.148684
0.095302
0.123910
0.072466
0.059358
0.089872
0.051904
0.075584
0.117677
0.099383
0.149549
0.101349
0.049910
0.072111
0.054079
0.067000
0.116027
0.114549
0.044543
0.063733
0.114870
0.065365
0.056356
0.059535
0.064230
0.047343
0.095328
0.077540
0.078172
0.064614
0.136019
0.060793
0.063956
0.114027
0.071792
0.059296
0.068936
0.060385
0.130864
0.058984
0.180701
0.060392
0.090193
0.071751
0.058288
0.108820
0.107128
0.087805
0.043518
0.097008
0.121307
0.038946
0.052658
0.066143
0.137336
0.058661
0.059093
0.093433
0.203840
0.109794
0.143846
0.039299
0.084594
0.066097
0.057028
0.050231
0.048356
0.079096
0.093169
0.063890
0.183969
0.052377
0.072965
0.098017
0.055610
0.115888
0.087181
0.068259
0.070819
0.064087
0.130717
0.125087
0.038629
0.076182
0.061712
0.064776
0.125296
0.059397
0.047726
0.108712
0.162831
0.114833
0.062804
0.084308
0.042006
0.070296
0.086512
0.072112
0.071730
0.069501
0.171840
0.144270
0.067485
0.064715
0.109795
0.075653
0.064815
0.126838
0.071141
0.040262
0.108877
0.056142
0.033276
0.032410
0.043966
0.034409
0.050116
0.035739
0.038963
0.075835
0.130730
0.056051
0.045360
0.084623
0.046038
0.036954
0.062882
0.040582
0.062666
0.063720
0.184203
0.044206
0.050319
0.110818
0.133415
0.177301
0.067782
0.056972
0.077321
0.106977
0.318566
0.183369
0.119455
0.098297
0.065893
0.058255
0.065662
0.068832
0.057951
0.069109
0.197040
0.183293
0.061049
0.045555
0.076255
0.058618
0.047752
0.087455
0.059891
0.063522
0.112447
0.097131
0.076705
0.059137
0.071769
0.110461
0.094165
0.083890
0.194235
0.052732
0.107331
0.069370
0.093102
0.052286
0.071303
0.065007
0.062134
0.057167
0.062148
0.087528
0.162354
0.045001
0.045401
0.092793
0.055891
0.086641
0.055466
0.060807
0.062750
0.124281
0.138258
0.041104
0.063009
0.041465
0.044405
0.070238
0.070910
0.047373
0.084822
0.095420
0.129687
0.077478
0.083685
0.062614
0.064977
0.153425
0.100963
0.231240
0.084496
0.071397
0.172616
0.050931
0.109714
0.062860
0.069981
0.059600
0.139850
0.088507
0.120747
0.076517
0.102565
0.078495
0.057154
0.049582
0.096818
0.084061
0.074217
0.089715
0.056784
0.071728
0.213627
0.133001
0.082654
0.103889
0.075868
0.060522
0.066135
0.080561
0.047558
0.138153
0.130649
0.054941
0.056850
0.068656
0.063504
0.062122
0.081668
0.134917
0.043177
0.066537
