1.566383
0.053735
0.220423
0.062362
0.060715
0.082120
0.069813
0.097766
0.035975
0.088349
0.152622
0.083638
0.054541
0.070519
0.066305
0.150663
0.062548
0.060204
0.140837
0.126085
0.145624
0.061423
0.063420
0.063373
0.060590
0.114032
0.118129
0.088044
0.059002
0.071721
0.187983
0.061106
0.065308
0.144956
0.093115
0.069655
0.135855
0.133165
0.137424
0.203404
0.218400
0.150687
0.142707
0.137520
0.143567
0.165416
0.198006
0.230985
0.155893
0.048177
0.155420
0.051579
0.174110
0.088282
0.143447
0.189340
0.189201
0.187402
0.120093
0.062410
0.159791
0.073896
0.139452
0.063658
0.048269
0.188940
0.078928
0.080960
0.138802
0.048376
0.105146
0.156273
0.178907
0.184519
0.064956
0.103697
0.071575
0.035676
0.057371
0.062593
0.147201
0.229481
0.165347
0.171817
0.063309
0.055112
0.072570
0.068342
0.062907
0.069023
0.240749
0.064986
0.080574
0.071572
0.083477
0.119204
0.075312
0.093701
0.063594
0.059562
0.171639
0.062088
0.046284
0.062509
0.064649
0.128468
0.111763
0.105223
0.050177
0.045162
0.186009
0.111417
0.048673
0.125401
0.061672
0.118340
0.115035
0.164248
0.057189
0.041661
0.172415
0.062315
0.063783
0.070593
0.075209
0.061875
0.138934
0.094173
0.043659
0.058913
0.151786
0.059992
0.067469
0.051978
0.057102
0.106077
0.074101
0.083086
0.099615
0.073614
0.171442
0.080457
0.069945
0.093496
0.123642
0.053222
0.049771
0.138023
0.110160
0.045917
0.189458
0.073678
0.172915
0.047360
0.038213
0.036011
0.108731
0.093831
0.125496
0.167100
0.119503
0.111162
0.206063
0.070717
0.052469
0.053665
0.075442
0.065132
0.077598
0.128459
0.208365
0.070505
0.173870
0.062342
0.063344
0.060140
0.066291
0.045567
0.141692
0.085248
0.133286
0.050274
0.052557
0.048473
0.188823
0.244862
0.141312
0.379186
0.466827
0.386935
0.489752
0.332142
0.165833
0.063767
0.082447
0.135577
0.073035
0.082441
0.065042
0.134820
