1.803858
0.200875
0.127540
0.073301
0.074406
0.082029
0.095532
0.068795
0.101460
0.050831
0.195112
0.121863
0.048244
0.056919
0.070292
0.049250
0.056741
0.056506
0.134187
0.076198
0.167091
0.057378
0.058259
0.072156
0.049816
0.082757
0.075881
0.116473
0.131339
0.059104
0.204578
0.113604
0.126700
0.107130
0.082022
0.062788
0.080063
0.052962
0.153941
0.062746
0.184563
0.109354
0.154139
0.069432
0.070698
0.053365
0.044476
0.055841
0.089103
0.071960
0.122528
0.094019
0.056653
0.083753
0.055351
0.048170
0.059651
0.099334
0.163347
0.052283
0.166440
0.030954
0.064911
0.104644
0.072007
0.095865
0.093934
0.061383
0.067852
0.066505
0.125403
0.062637
0.124762
0.085902
0.055726
0.061819
0.026569
0.116689
0.204550
0.117164
0.257249
0.087829
0.099679
0.131310
0.045687
0.170163
0.101263
0.131660
0.042493
0.064928
0.159466
0.125769
0.065017
0.045489
0.051445
0.076768
0.070784
0.062307
0.062154
0.118091
0.169341
0.070676
0.119058
0.052069
0.047522
0.045556
0.043067
0.053135
0.103311
0.099782
0.098302
0.061287
0.072046
0.058915
0.069227
0.073295
0.056782
0.163149
0.154492
0.068993
0.144015
0.136350
0.104995
0.086993
0.138555
0.069964
0.076468
0.099906
0.073454
0.044356
0.127781
0.110023
0.075542
0.061541
0.171699
0.072860
0.071116
0.100076
0.084518
0.078969
0.195083
0.072347
0.109595
0.085458
0.079096
0.087211
0.043937
0.066578
0.094347
0.107845
0.149590
0.057009
0.050959
0.071945
0.046601
0.063746
0.119014
0.064097
0.063930
0.101464
0.145184
0.067843
0.071592
0.068801
0.095490
0.059700
0.056131
0.098364
0.096417
0.056241
0.111320
0.041624
0.045331
0.059703
0.108583
0.053313
0.070157
0.104194
0.131504
0.100773
0.170452
0.100578
0.074384
0.100679
0.111842
0.096121
0.231294
0.047716
0.056751
0.032415
0.118888
0.097558
0.078167
0.070807
0.110141
0.041826
0.039917
0.046999
0.056156
0.152556
0.133044
0.066574
0.099650
0.030558
0.048940
0.014944
0.038854
0.022131
0.051444
0.031961
0.135166
0.023168
0.134727
0.187539
0.145205
0.091970
0.123061
0.152846
0.056670
0.105526
0.115664
0.137296
0.181659
0.074122
0.173498
0.192672
0.165781
0.176705
0.054554
0.070673
0.181960
0.134849
0.044200
0.150771
0.044849
0.147567
0.220246
0.264090
0.212861
0.190897
0.218807
0.188150
0.057776
0.097118
0.123008
0.145695
0.102572
0.070550
0.084371
0.054067
0.116000
0.142383
0.061478
0.071602
0.081834
0.053417
0.050387
0.084641
0.081924
0.101386
0.194821
0.053738
0.066753
0.071910
0.062751
0.052851
0.147867
0.062073
0.047786
0.124890
0.121873
0.080906
0.057305
0.059311
0.070598
0.102142
0.081916
0.071683
0.110298
0.082330
0.208486
0.112860
0.063557
0.082289
0.057827
0.058750
0.126448
0.084802
0.069401
0.220639
0.153532
0.120214
0.070564
0.132670
0.146186
0.073496
0.065080
0.072251
0.071876
0.131771
