1.804341
0.071271
0.097971
0.107847
0.056642
0.052497
0.064177
0.067259
0.061606
0.216489
0.230228
0.127339
0.154095
0.151645
0.188654
0.307130
0.060986
0.082454
0.058920
0.165864
0.247086
0.210485
0.162639
0.124541
0.260843
0.181703
0.147596
0.112050
0.072275
0.049640
0.218853
0.084647
0.077966
0.096421
0.071787
0.080018
0.034882
0.035959
0.044450
0.141363
0.150620
0.111059
0.079115
0.116646
0.063967
0.092559
0.107354
0.107521
0.131001
0.079187
0.178945
0.093365
0.067207
0.100272
0.134598
0.065995
0.108842
0.049304
0.142734
0.104435
0.218714
0.155680
0.166055
0.141073
0.125024
0.096929
0.098773
0.055219
0.065648
0.093701
0.144818
0.077683
0.058432
0.100680
0.064668
0.082295
0.058650
0.081253
0.066924
0.079744
0.199551
0.127618
0.080811
0.110598
0.047520
0.073838
0.089938
0.048042
0.073879
0.093595
0.204299
0.070642
0.122457
0.079897
0.093414
0.069665
0.071085
0.054033
0.117519
0.071636
0.220878
0.117226
0.049602
0.064250
0.054938
0.048527
0.059852
0.074114
0.112808
0.069658
0.158737
0.059739
0.070893
0.045542
0.047351
0.062123
0.084472
0.056088
0.086115
0.034979
0.301876
0.050099
0.098222
0.062142
0.075281
0.078520
0.061566
0.061013
0.082495
0.051772
0.165991
0.148289
0.060108
0.105102
0.131210
0.048043
0.073097
0.077598
0.068079
0.082810
0.186556
0.050220
0.134713
0.129698
0.056937
0.041334
0.064383
0.096990
0.078549
0.041254
0.144470
0.074294
0.060616
0.116633
0.084365
0.039403
0.082048
0.075619
0.071711
0.055666
0.129255
0.139665
0.034059
0.067136
0.047804
0.045732
0.106883
0.121462
0.088570
0.058519
0.131732
0.054740
0.068032
0.087434
0.088840
0.127294
0.077368
0.156367
0.082563
0.068017
0.161551
0.047778
0.069482
0.074852
0.085350
0.135931
0.065713
0.082615
0.110435
0.063130
0.144675
0.060659
0.091060
0.064837
0.066991
0.121470
0.041432
0.066050
0.086523
0.054239
0.164325
0.059965
0.065500
0.076679
0.054226
0.097263
0.083682
0.075717
0.076160
0.059665
0.191533
0.069993
0.110739
0.097332
0.068294
0.106802
0.061447
0.052958
0.068646
0.126396
0.138107
0.071085
0.104784
0.076095
0.078177
0.076475
0.044086
0.056815
0.062736
0.042779
0.130119
0.131525
0.102489
0.058924
0.054192
0.062953
0.076083
0.061776
0.060187
0.063527
0.224813
0.074068
0.065688
0.075475
0.147890
0.138054
0.125728
0.120397
0.092533
0.129721
0.216246
0.141377
0.089962
0.108879
0.078057
0.052954
0.057472
0.099958
0.077413
0.079713
0.128856
0.065417
0.133983
0.140455
0.071656
0.091148
0.079852
0.180875
0.097164
0.073479
0.156491
0.047194
0.095289
0.067942
0.091826
0.152821
0.087723
0.123659
0.119903
0.103260
0.139012
0.053308
0.088698
0.124022
0.107472
0.167730
0.113485
0.061572
0.137473
0.103878
0.312277
0.159026
0.096191
0.060102
0.174376
