2.097467
0.238256
0.175552
0.234048
0.129951
0.130345
0.124383
0.098493
0.122534
0.138325
0.245278
0.121983
0.058354
0.138935
0.153252
0.097481
0.118735
0.103189
0.115525
0.126166
0.178828
0.082544
0.146643
0.044231
0.042139
0.097469
0.056136
0.071281
0.087785
0.099653
0.158779
0.110424
0.078397
0.128952
0.086768
0.125060
0.088451
0.065835
0.089208
0.105474
0.150936
0.254673
0.071110
0.144428
0.088611
0.076805
0.176712
0.127538
0.116276
0.071131
0.189769
0.083705
0.133949
0.135912
0.151056
0.093137
0.094084
0.108922
0.084121
0.068226
0.167323
0.109855
0.075258
0.119935
0.063577
0.058582
0.115577
0.098588
0.123036
0.143852
0.161208
0.078807
0.074539
0.060001
0.097987
0.063107
0.108610
0.078751
0.069525
0.058442
0.159291
0.070337
0.082106
0.065516
0.035469
0.114106
0.119612
0.107618
0.089101
0.067483
0.123538
0.162382
0.064564
0.090069
0.064795
0.043008
0.086346
0.067042
0.130761
0.095002
0.109535
0.077313
0.065558
0.088461
0.137895
0.096236
0.058511
0.092382
0.166104
0.111396
0.157675
0.118918
0.060160
0.112763
0.103312
0.057126
0.051980
0.092937
0.086339
0.128430
0.153459
0.071979
0.050305
0.123079
0.036683
0.086120
0.043282
0.039125
0.074481
0.109372
0.148696
0.061132
0.038297
0.039169
0.033219
0.054363
0.099937
0.052161
0.033310
0.050518
0.255839
0.173243
0.146857
0.188666
0.155638
0.127824
0.050951
0.053476
0.064769
0.050515
0.182182
0.042650
0.095095
0.052962
0.066101
0.048191
0.057206
0.054628
0.068489
0.114621
0.164958
0.057070
0.062103
0.046629
0.044137
0.058657
0.033514
0.036367
0.056570
0.041186
0.084483
0.132922
0.146000
0.071259
0.213259
0.191001
0.164682
0.072390
0.043163
0.043231
0.158239
0.053561
0.091451
0.078129
0.058719
0.077352
0.052651
0.062285
0.046645
0.047328
0.146365
0.041239
0.057085
0.032962
0.098119
0.059717
0.103818
0.069645
0.030458
0.056961
0.146473
0.050431
0.053032
0.048238
0.116958
0.053953
0.085784
0.069585
0.040180
0.048837
0.097184
0.063101
0.065129
0.071807
0.069911
0.053557
0.112045
0.066981
0.049060
0.111107
0.136682
0.085540
0.043569
0.058142
0.040783
0.151080
0.075483
0.087263
0.051852
0.042183
0.165125
0.051634
0.069609
0.093390
0.040667
0.040549
0.077006
0.032730
0.066078
0.033369
0.150290
0.050165
0.070567
0.051598
0.047336
0.062316
0.055978
0.076987
0.046530
0.130054
0.091213
0.074018
0.056464
0.050598
0.022656
0.033059
0.039845
0.035307
0.017060
0.019132
0.075079
0.020283
0.024869
0.019047
0.017908
0.026318
0.027469
0.043080
0.019189
0.021231
0.110968
0.069938
0.020103
0.026564
0.025939
0.026998
0.038565
0.031560
0.036808
0.020767
0.095324
0.020963
0.015443
0.054444
0.042126
0.169142
0.067192
0.043186
0.035111
0.051678
0.078982
0.052991
0.041231
0.022794
0.021105
0.021232
0.015152
0.039018
0.062224
0.055839
0.137845
0.106571
0.022701
0.024113
0.021204
0.032580
0.025599
0.016052
0.043586
0.102557
0.221197
0.053711
0.062993
0.056742
0.045643
0.121219
0.135248
0.055288
0.168706
0.156850
0.101300
0.055831
0.107658
0.095791
0.048895
0.038789
0.037178
0.040136
0.037480
0.053045
0.277750
0.135406
0.165752
0.167980
0.026883
0.017158
0.019306
0.079505
0.019845
0.018057
0.100247
0.033437
0.021719
0.025163
0.034365
0.040335
0.023114
0.014073
0.018034
0.016350
0.108856
0.024207
0.020821
0.031329
0.018121
0.021429
0.032161
0.027871
0.036625
0.026777
0.104290
0.022470
0.025097
