1.971760
0.139766
0.022832
0.049357
0.077301
0.054360
0.066717
0.067567
0.092855
0.034436
0.106629
0.036782
0.040575
0.074662
0.150791
0.079666
0.045441
0.080534
0.087296
0.018164
0.127390
0.102514
0.072916
0.012477
0.099986
0.077859
0.058409
0.070969
0.018377
0.110132
0.104652
0.086247
0.126098
0.066868
0.117068
0.066707
0.142599
0.034247
0.085392
0.025211
0.194069
0.057839
0.071208
0.025061
0.119370
0.032183
0.029467
0.039344
0.016187
0.021035
0.169819
0.016955
0.058978
0.027436
0.155196
0.111157
0.033969
0.010896
0.021766
0.016615
0.107888
0.025392
0.018771
0.056395
0.010180
0.024494
0.025728
0.034447
0.009117
0.010489
0.135095
0.064336
0.048359
0.053160
0.127318
0.010371
0.010511
0.013846
0.011251
0.015569
0.157287
0.074918
0.011573
0.019457
0.031236
0.069471
0.015528
0.017307
0.020451
0.037770
0.143592
0.012884
0.018860
0.018182
0.009694
0.126049
0.026456
0.011525
0.015175
0.021418
0.133505
0.026546
0.032966
0.014823
0.015026
0.015630
0.007974
0.021775
0.008137
0.018573
0.105083
0.119305
0.026898
0.010023
0.068031
0.007684
0.069863
0.008700
0.015352
0.014628
0.142422
0.064548
0.065256
0.009518
0.010574
0.011772
0.034164
0.022235
0.052271
0.013824
0.114208
0.012923
0.010663
0.069484
0.011505
0.014848
0.112245
0.023308
0.016062
0.024555
0.116020
0.015051
0.032951
0.155343
0.010333
0.028418
0.014493
0.025261
0.020495
0.023382
0.092778
0.016356
0.017943
0.015093
0.068390
0.122673
0.018069
0.071947
0.012460
0.155318
0.116194
0.056352
0.150060
0.040056
0.095862
0.068268
0.111070
0.030974
0.021182
0.007505
0.150790
0.080367
0.060610
0.016082
0.020814
0.106608
0.096229
0.057595
0.078520
0.030102
0.075636
0.030293
0.013334
0.033155
0.039684
0.042281
0.013281
0.046083
0.112224
0.052366
0.111772
0.067567
0.067986
0.065058
0.145586
0.105312
0.045611
0.062275
0.041692
0.052964
0.126442
0.044683
0.048222
0.058418
0.056079
0.115100
0.110353
0.094559
0.040611
0.045199
0.106584
0.046018
0.176490
0.050048
0.042589
0.114972
0.035939
0.119089
0.171465
0.065937
0.150072
0.093709
0.034573
0.033415
0.074836
0.082207
0.034643
0.045546
0.046453
0.087776
0.153923
0.100409
0.108956
0.189339
0.056939
0.152262
0.042509
0.055589
0.044177
0.030606
0.113386
0.036383
0.146774
0.037408
0.044118
0.133259
0.048318
0.093667
0.031379
0.094668
0.120550
0.068529
0.030386
0.090304
0.089381
0.037031
0.009323
0.090057
0.031278
0.022022
0.079213
0.110415
0.016064
0.100740
0.214416
0.101837
0.035179
0.030085
0.084553
0.036496
0.099083
0.045168
0.052683
0.090191
0.045868
0.035183
0.028579
0.052398
0.084923
0.045176
0.086730
0.129047
0.075454
0.078633
0.042965
0.151796
0.039342
0.098879
0.120235
0.151354
0.135605
0.050389
0.038844
0.059254
0.123696
0.055624
0.102194
0.049824
0.174121
