2.116186
0.150967
0.158835
0.144272
0.200427
0.137728
0.167609
0.226083
0.057403
0.162004
0.224000
0.079394
0.080803
0.049075
0.036108
0.035134
0.026511
0.033359
0.020911
0.028866
0.094569
0.039779
0.033051
0.035375
0.036658
0.041103
0.026503
0.031572
0.031286
0.027085
0.162588
0.052553
0.096739
0.176124
0.115302
0.062469
0.073246
0.079155
0.101533
0.136819
0.190447
0.064978
0.252131
0.317979
0.165660
0.192341
0.180262
0.038606
0.146430
0.079994
0.184453
0.132257
0.094949
0.081575
0.073624
0.060677
0.111433
0.077737
0.075149
0.074355
0.157756
0.087253
0.062328
0.084696
0.052367
0.128886
0.075881
0.041710
0.078513
0.057890
0.127017
0.142807
0.162073
0.071985
0.083742
0.167562
0.124406
0.170815
0.126809
0.081717
0.277502
0.096457
0.128884
0.106941
0.081756
0.091876
0.080185
0.128346
0.108335
0.082711
0.148126
0.074525
0.072250
0.108883
0.104013
0.087695
0.072454
0.060519
0.064181
0.131105
0.176352
0.071890
0.058338
0.098299
0.074820
0.067307
0.075348
0.087948
0.076137
0.074958
0.168534
0.063965
0.084417
0.055546
0.128138
0.105825
0.120473
0.079553
0.062368
0.131653
0.132552
0.063575
0.070945
0.102498
0.111994
0.129141
0.122859
0.053811
0.062023
0.178522
0.126769
0.053727
0.117633
0.093159
0.106609
0.116239
0.156761
0.163777
0.079944
0.078436
0.166193
0.080117
0.132221
0.068554
0.099936
0.077367
0.202341
0.080236
0.106285
0.088672
0.233164
0.119966
0.077266
0.074223
0.050579
0.087039
0.080940
0.093001
0.194122
0.091777
0.158872
0.098802
0.068378
0.071257
0.088920
0.087495
0.169734
0.085404
0.065674
0.079719
0.175718
0.120335
0.120044
0.064374
0.040328
0.085310
0.069374
0.144439
0.087224
0.102005
0.181095
0.105939
0.078758
0.072767
0.129838
0.094081
0.128921
0.076833
0.076358
0.075928
0.171774
0.080542
0.056077
0.133475
0.092611
0.053497
0.094923
0.084838
0.068913
0.058166
