1.953627
0.071325
0.106440
0.087297
0.067833
0.054714
0.084563
0.103617
0.077192
0.105691
0.155110
0.094415
0.070779
0.053978
0.065451
0.086065
0.064665
0.082408
0.049450
0.046106
0.148599
0.060232
0.097632
0.062860
0.081002
0.157728
0.185127
0.160834
0.193692
0.101360
0.227931
0.065098
0.056696
0.112041
0.081320
0.067293
0.053253
0.081446
0.073747
0.103340
0.152284
0.154671
0.035054
0.106981
0.037457
0.047185
0.116780
0.046495
0.042013
0.079252
0.137360
0.064306
0.167934
0.086869
0.080096
0.072681
0.067040
0.042574
0.082743
0.059860
0.163715
0.065425
0.044144
0.104337
0.052982
0.045014
0.083828
0.071364
0.103012
0.071777
0.158799
0.053072
0.072362
0.140496
0.139832
0.081450
0.114819
0.062003
0.070460
0.077033
0.237135
0.099199
0.067630
0.120870
0.070930
0.058935
0.053307
0.135690
0.059665
0.085580
0.240041
0.086998
0.088006
0.077616
0.069039
0.077087
0.061906
0.119910
0.034140
0.104746
0.223574
0.072590
0.077406
0.070172
0.066505
0.084430
0.177331
0.085120
0.111687
0.085291
0.156794
0.070881
0.163325
0.108316
0.067408
0.065050
0.114647
0.080082
0.096217
0.080093
0.152694
0.044446
0.045426
0.043189
0.060147
0.048996
0.075783
0.070239
0.048949
0.114620
0.158326
0.126746
0.171321
0.159598
0.108365
0.146933
0.227148
0.075765
0.144223
0.058345
0.193894
0.172387
0.218151
0.198887
0.182354
0.138430
0.144175
0.129751
0.092217
0.082306
0.142418
0.065192
0.121294
0.161628
0.072462
0.082687
0.069353
0.044655
0.107348
0.081353
0.181099
0.089923
0.078046
0.086279
0.082030
0.066720
0.051905
0.138563
0.106972
0.123635
0.252009
0.069136
0.072826
0.092017
0.099196
0.063145
0.060016
0.060996
0.157298
0.097690
0.235076
0.136341
0.090486
0.068116
0.129810
0.064156
0.068676
0.098775
0.038838
0.102188
0.292735
0.079629
0.063696
0.090090
0.079372
0.070711
0.091344
0.065638
0.106980
0.094582
0.175899
0.079500
0.106267
0.166857
0.108337
0.081326
0.115488
0.063542
0.076468
0.061291
0.286871
0.103043
0.137178
0.090013
0.083078
0.120811
0.091582
0.079874
0.141437
0.047946
0.103030
0.058209
0.057057
0.060312
0.055034
0.052708
0.120463
0.059193
0.155377
0.085414
0.191518
0.082841
0.050122
0.082955
0.079244
0.135463
0.098505
0.064852
0.069309
0.079744
0.151907
0.063716
0.046856
0.111959
0.054430
0.085120
0.105860
0.086698
0.071748
0.057164
0.124815
0.102832
0.116209
0.073523
0.101012
0.106316
0.088244
0.060999
0.122676
0.063263
0.170173
0.088575
0.101470
0.062935
0.155902
0.066010
0.068435
0.065772
0.060951
0.097062
0.203580
0.049762
0.064450
0.143890
0.073199
0.088142
0.074572
0.074234
0.093312
0.063254
0.179198
0.063823
0.064548
0.132957
0.076688
0.111110
0.060753
0.087655
0.065528
0.080709
0.110342
0.041116
0.061702
0.115371
0.059532
0.080800
0.089398
0.064307
0.073884
0.152631
0.185861
0.139067
0.170221
0.061520
0.149642
0.066720
0.066978
0.078131
0.073896
0.081630
0.195955
0.171731
0.068402
0.041703
0.053607
0.083744
0.046726
0.065003
0.045834
0.052939
