1.850807
0.051129
0.131349
0.145378
0.190269
0.057909
0.062588
0.064339
0.104562
0.054623
0.205556
0.064155
0.100883
0.087592
0.066958
0.126865
0.117478
0.054556
0.021716
0.025811
0.137095
0.041023
0.028800
0.012672
0.122578
0.131490
0.153028
0.033471
0.017581
0.107437
0.121312
0.066230
0.064445
0.108593
0.045845
0.097500
0.062894
0.059503
0.138221
0.085193
0.182475
0.042435
0.042366
0.123256
0.111367
0.113695
0.115147
0.060395
0.059707
0.174148
0.151573
0.108893
0.077793
0.028077
0.045112
0.028310
0.107052
0.226344
0.199923
0.190231
0.369082
0.223323
0.158815
0.217541
0.136021
0.168571
0.227886
0.061120
0.219963
0.227491
0.191155
0.099497
0.171695
0.241329
0.107278
0.157507
0.180810
0.131356
0.156202
0.054077
0.193098
0.086825
0.093748
0.105766
0.060025
0.036998
0.043585
0.047040
0.081280
0.085991
0.121850
0.032937
0.040254
0.037038
0.037417
0.040370
0.040826
0.043676
0.064141
0.098431
0.160346
0.103651
0.060272
0.052259
0.065491
0.043951
0.085000
0.056276
0.184417
0.290277
0.293808
0.285700
0.139142
0.168422
0.108120
0.265282
0.084761
0.104578
0.119763
0.049936
0.231203
0.175479
0.084345
0.081953
0.257604
0.054383
0.103029
0.213168
0.148937
0.148537
0.181473
0.087310
0.065201
0.127048
0.121356
0.148838
0.067486
0.109910
0.063111
0.099024
0.165589
0.102149
0.153164
0.102509
0.126208
0.112201
0.041319
0.102488
0.059765
0.051035
0.183977
0.124994
0.052391
0.044001
0.095271
0.106504
0.056564
0.047562
0.065423
0.078810
0.294468
0.205240
0.214116
0.233106
0.178255
0.302095
0.073206
0.055685
0.114387
0.034461
0.087981
0.041728
0.093308
0.078852
0.099082
0.073736
0.112587
0.063107
0.109906
0.118729
0.188069
0.111830
0.107662
0.082953
0.095331
0.109710
0.066632
0.108990
0.120137
0.089111
0.168328
0.134462
0.111093
0.075141
0.035944
0.097009
0.079464
0.054012
0.057191
0.065608
