1.668361
0.043902
0.046779
0.053854
0.041331
0.041521
0.037931
0.047637
0.055832
0.038638
0.162779
0.049208
0.029269
0.054168
0.058304
0.030360
0.033933
0.039169
0.043847
0.029241
0.080262
0.061708
0.037403
0.029337
0.033218
0.035624
0.026840
0.028198
0.034484
0.055217
0.115032
0.043236
0.045924
0.032364
0.081762
0.078429
0.025411
0.030480
0.035207
0.047619
0.118065
0.060071
0.098062
0.058773
0.046839
0.038328
0.054683
0.039205
0.027674
0.036774
0.108382
0.071084
0.032619
0.050206
0.039745
0.036811
0.042016
0.051079
0.038519
0.036103
0.108658
0.031337
0.032179
0.072633
0.030641
0.035876
0.058601
0.033004
0.034970
0.034077
0.093293
0.026875
0.070770
0.033951
0.022211
0.034131
0.088892
0.028042
0.045607
0.049171
0.079708
0.048499
0.032468
0.030821
0.026930
0.053860
0.030123
0.029321
0.024642
0.023216
0.095886
0.055171
0.053663
0.046299
0.048872
0.044069
0.032006
0.059177
0.039522
0.037080
0.104816
0.060834
0.042078
0.032919
0.023877
0.028421
0.038939
0.079708
0.029082
0.039182
0.109050
0.027165
0.038265
0.035522
0.059886
0.035994
0.075371
0.057324
0.054954
0.049716
0.097186
0.048641
0.050524
0.041102
0.048095
0.077078
0.103940
0.076821
0.045192
0.041066
0.184680
0.023248
0.091951
0.066634
0.064831
0.050794
0.034352
0.029282
0.051193
0.045041
0.100852
0.024166
0.033630
0.048251
0.037429
0.030452
0.074751
0.029747
0.034791
0.034857
0.103655
0.028587
0.049355
0.062979
0.102602
0.051503
0.045952
0.057384
0.034660
0.027575
0.102031
0.048880
0.041507
0.042670
0.045421
0.046912
0.080986
0.032496
0.038327
0.045811
0.075984
0.026609
0.038394
0.033177
0.041962
0.040313
0.048417
0.054146
0.077216
0.043121
0.090690
0.051256
0.051556
0.041386
0.046922
0.046439
0.064927
0.082170
0.041894
0.031146
0.092223
0.039819
0.068849
0.028022
0.035876
0.069462
0.042450
0.043227
0.032024
0.086691
0.105688
0.060340
0.045971
0.031517
0.054140
0.065290
0.027457
0.035502
0.049360
0.082182
0.087686
0.063039
0.064005
0.046407
0.033835
0.057988
0.048393
0.108035
0.039688
0.041419
0.090553
0.033487
0.055696
0.050213
0.088302
0.053455
0.062612
0.048011
0.030856
0.033613
0.103226
0.159883
0.173606
0.145423
0.165510
0.248718
0.101296
0.059261
0.049618
0.057768
0.123068
0.076739
0.107283
0.077807
0.025000
0.011858
0.009655
0.010097
0.008508
0.025347
0.094216
0.009730
0.014189
0.020066
0.032844
0.014108
0.008495
0.009459
0.016005
0.014051
0.107806
0.027946
0.014555
0.019275
0.015490
0.019830
0.011025
0.013320
0.019483
0.032428
0.085464
0.012856
0.010197
0.011317
0.011535
0.010245
0.012700
0.017729
0.018487
0.022958
0.068950
0.009970
0.021021
0.015152
0.010085
0.021126
0.016817
0.013351
0.011330
0.011103
0.068509
0.011644
0.018462
0.026447
0.011131
0.012753
0.009471
0.017195
0.013467
0.018781
0.115626
0.014342
0.027662
0.009036
0.011020
0.013808
0.026540
0.018389
0.012780
0.010001
0.087785
0.021417
0.011475
0.016788
0.017706
0.030431
0.015879
0.009391
0.014752
0.018308
0.085788
0.012396
0.009963
0.010066
0.011926
0.019182
0.018613
0.009185
0.010264
0.011506
0.063065
0.011620
0.008892
0.011927
0.014285
0.025889
0.017368
0.014158
0.012114
0.021463
0.100702
0.013606
0.012356
0.014498
0.014600
0.024659
0.014496
0.014925
0.012367
0.024550
0.099274
0.024577
0.034124
0.016953
0.020240
0.014916
0.014990
0.010627
0.015470
0.015372
0.080361
0.017590
0.014672
0.014154
0.012492
0.062914
0.054291
0.013062
0.011353
0.031523
0.080491
0.033055
0.016134
0.022031
0.018373
0.015516
0.015730
0.014536
0.021985
0.015061
0.096292
0.019006
0.013678
0.016245
0.018217
0.012509
0.017001
0.012226
0.019612
0.014441
0.070132
0.031692
0.033501
0.016647
0.018353
0.022038
0.018628
0.018601
0.019740
0.018389
0.079968
0.012097
0.010171
0.013882
0.013748
0.020350
0.019919
0.013324
0.010504
0.009918
0.065362
0.011439
0.010929
0.016073
0.022555
0.010114
0.018080
0.022259
0.013404
0.011522
0.063247
0.010736
0.022900
0.012605
0.025920
0.022020
0.030954
0.013454
0.012281
0.011495
0.064514
0.012559
0.018691
0.024670
0.035292
0.014217
0.011657
0.019649
0.026673
0.020584
0.085273
0.011081
0.017903
0.017600
0.018503
0.009599
0.022548
0.016590
0.030572
0.033360
0.067149
0.011550
0.014376
0.019762
0.020586
0.012379
0.030769
0.016737
0.017457
0.011915
0.108504
0.021596
0.019620
0.011296
0.009866
0.008957
0.009921
0.009633
0.022634
0.014852
0.077879
0.022546
0.021375
0.028426
0.026833
0.028731
