2.071111
0.098334
0.086700
0.110704
0.111884
0.106153
0.117442
0.111531
0.058599
0.069897
0.117505
0.116192
0.077030
0.071880
0.114956
0.081022
0.108142
0.064131
0.048886
0.057212
0.172234
0.090031
0.086461
0.049425
0.053883
0.123567
0.098529
0.085557
0.164930
0.173916
0.161900
0.066052
0.132499
0.071806
0.120682
0.126417
0.038967
0.129685
0.119011
0.106194
0.169786
0.063371
0.074278
0.062886
0.059304
0.118274
0.111381
0.070307
0.070827
0.055792
0.174756
0.078175
0.078855
0.107318
0.073128
0.061863
0.157925
0.082259
0.078815
0.188582
0.173022
0.078383
0.069584
0.066605
0.113440
0.070794
0.063310
0.140291
0.048476
0.039239
0.107798
0.085095
0.052470
0.081026
0.080411
0.124836
0.110370
0.121999
0.061018
0.139968
0.151376
0.073174
0.096667
0.052976
0.076697
0.077024
0.129958
0.065871
0.077520
0.068075
0.103010
0.066299
0.151688
0.049098
0.027086
0.041740
0.050729
0.092422
0.093696
0.065686
0.115346
0.092288
0.109121
0.159636
0.134553
0.137318
0.237243
0.174763
0.067573
0.108928
0.128739
0.065599
0.041816
0.149181
0.181797
0.163418
0.156564
0.112610
0.093280
0.106120
0.223860
0.097063
0.082787
0.059551
0.042071
0.041845
0.046447
0.056117
0.050063
0.062090
0.096362
0.057329
0.057040
0.154704
0.088671
0.042817
0.041383
0.046996
0.058063
0.062630
0.125294
0.027822
0.032436
0.023740
0.104159
0.080133
0.098178
0.069336
0.075005
0.134083
0.168715
0.051332
0.038330
0.047088
0.073363
0.044599
0.065304
0.184591
0.112690
0.089136
0.131383
0.049463
0.095490
0.046834
0.055409
0.107102
0.051534
0.032371
0.037863
0.047914
0.155698
0.061612
0.071587
0.178626
0.093513
0.122910
0.056605
0.056436
0.074122
0.060752
0.094727
0.091821
0.033294
0.029458
0.041735
0.046415
0.047303
0.041611
0.025247
0.032887
0.078053
0.160619
0.101080
0.166930
0.135708
0.090394
0.151890
0.194369
0.120790
0.121307
