1.825526
0.033388
0.091656
0.024603
0.081635
0.126995
0.033883
0.064496
0.018966
0.029819
0.085180
0.014419
0.023526
0.026849
0.017878
0.020950
0.018673
0.025428
0.108857
0.060781
0.088344
0.012084
0.021287
0.027765
0.069858
0.053360
0.019601
0.042885
0.024953
0.121434
0.209209
0.184652
0.045960
0.020321
0.025608
0.063217
0.122355
0.045010
0.054731
0.070058
0.182695
0.075752
0.091665
0.091964
0.059201
0.107450
0.080625
0.134948
0.078977
0.114065
0.183824
0.061968
0.111511
0.061320
0.118932
0.063724
0.074394
0.064173
0.072974
0.091406
0.182252
0.065057
0.064939
0.114664
0.064350
0.068818
0.056951
0.063761
0.075379
0.082369
0.114818
0.065715
0.050054
0.040123
0.069290
0.068559
0.045813
0.040099
0.036656
0.092665
0.176859
0.052057
0.050274
0.053424
0.060828
0.087494
0.108917
0.075730
0.080360
0.056659
0.212900
0.098092
0.127433
0.051439
0.098762
0.070823
0.084999
0.055970
0.071407
0.099985
0.133333
0.060471
0.077886
0.062521
0.061091
0.046161
0.043219
0.052154
0.243796
0.169787
0.268425
0.110398
0.161765
0.187660
0.091238
0.084751
0.120987
0.065291
0.061036
0.072579
0.196505
0.070033
0.073374
0.071867
0.086242
0.063299
0.074969
0.047721
0.051845
0.130940
0.246469
0.085540
0.099399
0.133653
0.062787
0.074529
0.033834
0.060556
0.097311
0.044068
0.188364
0.116465
0.074837
0.143099
0.065271
0.070271
0.085402
0.115146
0.234984
0.083874
0.149489
0.076659
0.097491
0.063395
0.064686
0.087335
0.109293
0.063119
0.155781
0.187185
0.264596
0.146808
0.102202
0.116718
0.185036
0.073820
0.091016
0.111399
0.128580
0.130878
0.172853
0.127231
0.093424
0.229770
0.054373
0.076161
0.027814
0.032517
0.052769
0.080290
