1.131995
0.044243
0.019010
0.021158
0.020028
0.018702
0.065616
0.069867
0.024674
0.020462
0.064517
0.029137
0.019499
0.037327
0.019210
0.020685
0.020513
0.019463
0.020487
0.020965
0.066596
0.025078
0.018797
0.019257
0.019021
0.021760
0.026439
0.021089
0.018526
0.043499
0.068212
0.025903
0.019121
0.020002
0.067074
0.024137
0.019644
0.018249
0.066806
0.046516
0.064358
0.024044
0.018634
0.021404
0.019831
0.020815
0.023168
0.022100
0.021233
0.020793
0.066478
0.024953
0.022063
0.022604
0.019488
0.066559
0.025246
0.021217
0.020214
0.021570
0.066789
0.025630
0.021001
0.050009
0.021809
0.020125
0.021799
0.021190
0.023061
0.023151
0.070377
0.024926
0.021276
0.019586
0.021296
0.021957
0.051916
0.021715
0.021517
0.019277
0.067116
0.027051
0.020605
0.019490
0.018138
0.020877
0.017930
0.019854
0.019499
0.018566
0.086068
0.026883
0.022343
0.020396
0.019773
0.019961
0.019836
0.021848
0.024466
0.019781
0.067537
0.025816
0.020451
0.021552
0.020030
0.021285
0.021456
0.019664
0.020734
0.022365
0.067856
0.025974
0.020095
0.022066
0.022277
0.019782
0.021390
0.049930
0.021468
0.019228
0.068229
0.026707
0.021957
0.022128
0.019299
0.021598
0.022288
0.019238
0.021115
0.021322
0.091772
0.024258
0.017935
0.019025
0.017868
0.020453
0.019676
0.017940
0.018925
0.020675
0.066671
0.022587
0.019975
0.023235
0.023426
0.021733
0.021592
0.019506
0.019974
0.021014
0.069793
0.026417
0.019455
0.020401
0.022744
0.019769
0.020073
0.010777
0.007176
0.007105
0.077260
0.011965
0.006631
0.006660
0.006787
0.006482
0.006811
0.006734
0.006481
0.006408
0.054460
0.011013
0.007813
0.006646
0.006567
0.006611
0.008142
0.006582
0.006577
0.006481
0.053908
0.012520
0.006778
0.007490
0.006536
0.006559
0.006711
0.006683
0.007398
0.007088
0.055258
0.011150
0.006671
0.007154
0.006657
0.007122
0.006413
0.007983
0.006568
0.006783
0.053895
0.011245
0.008124
0.006862
0.006481
0.006687
0.008126
0.006484
0.006725
0.006676
0.054300
0.010999
0.006873
0.006886
0.020532
0.022514
0.007327
0.008530
0.007389
0.021888
0.072071
0.011006
0.022065
0.021207
0.007593
0.019313
0.020212
0.007970
0.009187
0.006359
0.054239
0.011543
0.006332
0.006515
0.005889
0.006103
0.007682
0.005921
0.005844
0.005985
0.054218
0.011300
0.008284
0.006879
0.006531
0.006510
0.020891
0.021296
0.019459
0.020471
0.066966
0.025257
0.019518
0.032972
0.026779
0.021778
0.019628
0.021891
0.019610
0.019352
0.066341
0.028243
0.021243
0.006648
0.006966
0.006655
0.006891
0.006482
0.007325
0.006654
0.052526
0.013007
0.006569
0.006544
0.006687
0.008080
0.006872
0.006374
0.006875
0.007983
0.052141
0.013112
0.006351
0.006321
0.006453
0.008016
0.008469
0.008672
0.007378
0.005844
0.053586
0.011879
0.006035
0.006077
0.013319
0.006006
0.005990
0.008152
0.005877
0.005928
0.055286
0.011084
0.006362
0.006738
0.007378
0.007351
0.007287
0.007736
0.006175
0.005853
