1.819709
0.039049
0.070424
0.068373
0.056789
0.060483
0.120761
0.106055
0.065843
0.066236
0.116417
0.060528
0.062811
0.078731
0.093828
0.106711
0.150576
0.194456
0.152690
0.192823
0.192788
0.197269
0.176826
0.081800
0.052441
0.080668
0.050797
0.050390
0.042779
0.049815
0.117618
0.055545
0.031202
0.036298
0.085672
0.043591
0.028825
0.039565
0.184245
0.072688
0.169557
0.079538
0.060520
0.095823
0.054803
0.078040
0.137561
0.096826
0.079596
0.094908
0.219371
0.173902
0.098140
0.045982
0.058742
0.157942
0.122863
0.103796
0.264269
0.060522
0.157169
0.073444
0.105707
0.070398
0.106578
0.084807
0.081311
0.069937
0.065883
0.082020
0.158748
0.061709
0.115478
0.069919
0.061562
0.125157
0.140538
0.126893
0.025813
0.201718
0.120892
0.113609
0.126667
0.126646
0.117257
0.067170
0.153162
0.048412
0.238881
0.194895
0.115510
0.127607
0.037876
0.062447
0.058370
0.056184
0.032590
0.055850
0.052849
0.078713
0.170652
0.033339
0.083621
0.047873
0.058722
0.064827
0.086341
0.089231
0.040091
0.071060
0.120090
0.091357
0.140802
0.154033
0.107599
0.178286
0.137360
0.155505
0.201507
0.165726
0.300108
0.102928
0.088700
0.090644
0.072611
0.059549
0.039598
0.031502
0.066463
0.095586
0.153998
0.130036
0.068408
0.042838
0.054254
0.051330
0.108547
0.071180
0.141562
0.088579
0.164148
0.090055
0.120366
0.054257
0.048002
0.056264
0.044573
0.055069
0.060623
0.062549
0.137288
0.106212
0.174988
0.121311
0.048437
0.062525
0.056019
0.047918
0.048049
0.104463
0.156548
0.079026
0.077474
0.048558
0.111867
0.146803
0.054385
0.073070
0.058555
0.060875
0.153375
0.080039
0.085001
0.078704
0.057402
0.094700
0.070375
0.123074
0.052547
0.068910
0.127317
0.059163
0.057055
0.041920
0.056526
0.057710
0.065538
0.038368
0.058764
0.171189
0.140765
0.114520
0.073138
0.061274
0.070247
0.064468
0.052910
0.062370
0.067703
0.224341
0.118267
0.060689
0.070739
0.110378
0.068475
0.064873
0.067166
0.054513
0.056302
0.153700
0.173110
0.060721
0.051012
0.058640
0.051308
0.035436
0.041753
0.031603
0.056778
0.051384
0.181444
0.099517
0.110712
0.044666
0.061870
0.070349
0.061646
0.060824
0.060647
0.050001
0.113186
0.055198
0.047220
0.118931
0.113127
0.141608
0.068356
0.071859
0.049832
0.062189
0.169324
0.079013
0.072715
0.119586
0.083225
0.073329
0.060867
0.041753
0.070452
0.114779
0.159213
0.065835
0.065282
0.063484
0.140986
0.055087
0.076342
0.061502
0.052135
0.094100
0.130806
0.050309
0.079772
0.090101
0.086103
0.122147
0.099575
0.061576
0.055310
0.089563
0.137477
0.070657
0.072894
0.068332
0.065843
0.069810
0.090995
0.080939
0.073623
0.055407
0.188548
0.079381
0.083461
0.073880
0.073415
0.160918
0.050914
0.102547
0.067889
0.055668
0.209017
0.072503
0.097654
0.123044
0.055845
0.063572
0.117096
0.071598
0.067720
0.054366
