2.166450
0.077846
0.049923
0.138673
0.088281
0.050919
0.043083
0.106254
0.082536
0.098324
0.142447
0.123328
0.142185
0.081228
0.129857
0.033178
0.102111
0.197105
0.124540
0.194553
0.158922
0.105396
0.115172
0.068026
0.118748
0.063218
0.074961
0.191548
0.117730
0.107889
0.103748
0.068896
0.061046
0.120866
0.039244
0.031039
0.026237
0.025840
0.022537
0.016706
0.171273
0.020376
0.025893
0.027345
0.040596
0.033161
0.025178
0.021169
0.050133
0.020775
0.190699
0.034145
0.046292
0.013926
0.066776
0.029846
0.023628
0.022755
0.018831
0.019749
0.088134
0.117912
0.200682
0.302528
0.173348
0.125744
0.252978
0.105985
0.103570
0.079270
0.121315
0.021300
0.019149
0.019004
0.020098
0.020790
0.024768
0.028447
0.020320
0.015931
0.118644
0.017742
0.047529
0.023954
0.124972
0.091006
0.015485
0.041819
0.066361
0.118308
0.144613
0.062876
0.235944
0.204485
0.098050
0.085085
0.077697
0.075452
0.024357
0.040966
0.100647
0.034559
0.047540
0.121005
0.065650
0.102455
0.059343
0.056417
0.061816
0.092301
0.132549
0.102258
0.129682
0.049583
0.134441
0.094013
0.063020
0.042429
0.046945
0.044667
0.081136
0.016437
0.020317
0.017886
0.022267
0.027156
0.014650
0.017243
0.015751
0.060373
0.158570
0.024548
0.103162
0.129534
0.068699
0.046337
0.021560
0.017059
0.030153
0.031412
0.077208
0.019570
0.038200
0.018370
0.016413
0.018457
0.030864
0.061829
0.119734
0.174074
0.138453
0.023059
0.099984
0.078153
0.077857
0.046839
0.079643
0.074662
0.064917
0.065859
0.216151
0.113779
0.025981
0.096415
0.045310
0.078745
0.120919
0.068327
0.076888
0.097773
0.201048
0.197164
0.050220
0.015579
0.039375
0.032495
0.020740
0.030828
0.013558
0.023440
0.081684
0.020746
0.023710
0.024231
0.017093
0.114243
0.094469
0.069915
0.037463
0.033506
0.094044
0.059812
0.031208
0.033506
0.026752
0.019021
0.018153
0.022649
0.035983
0.023268
