2.042318
0.135139
0.094642
0.080957
0.060464
0.134310
0.064338
0.252060
0.231826
0.156111
0.185823
0.212323
0.234617
0.110079
0.181931
0.082025
0.045955
0.107164
0.119283
0.317071
0.195885
0.103624
0.062672
0.039814
0.172081
0.060009
0.171088
0.119434
0.058900
0.084001
0.153804
0.112690
0.104249
0.128479
0.200151
0.111111
0.102912
0.089538
0.138783
0.112628
0.140743
0.132931
0.179960
0.076293
0.082391
0.060030
0.136915
0.215221
0.055300
0.132580
0.102539
0.095248
0.190672
0.070512
0.153498
0.224554
0.152066
0.205841
0.305886
0.279290
0.163497
0.080517
0.081937
0.065990
0.086534
0.254790
0.116911
0.167713
0.163880
0.145246
0.242568
0.046446
0.106797
0.085067
0.074039
0.193445
0.160564
0.112366
0.123638
0.070056
0.128954
0.182525
0.080596
0.125257
0.155429
0.081762
0.075245
0.210825
0.063582
0.062980
0.150277
0.137784
0.056836
0.074545
0.112689
0.076003
0.070482
0.072267
0.051944
0.142287
0.175280
0.047276
0.039582
0.083191
0.059972
0.039879
0.039593
0.242603
0.097360
0.045814
0.160060
0.055021
0.076366
0.066047
0.132713
0.075163
0.107532
0.081145
0.081085
0.085765
0.186618
0.127569
0.116933
0.071642
0.074707
0.073155
0.073257
0.134609
0.074710
0.112648
0.144714
0.032471
0.066518
0.064680
0.075464
0.079055
0.110194
0.078532
0.074649
0.058179
0.168704
0.063159
0.088041
0.065382
0.090578
0.111558
0.061475
0.075812
0.092642
0.097415
0.175226
0.172050
0.110085
0.073489
0.068659
0.127712
0.065642
0.160356
0.124900
0.078577
0.148550
0.104504
0.066476
0.091026
0.139118
0.078245
0.104904
0.033747
0.103919
0.124125
0.185579
0.039088
0.062311
0.084196
0.091892
0.061178
0.104102
0.074293
0.132722
0.065926
0.200372
0.054611
0.187210
0.177266
0.170144
0.265723
0.125367
0.170790
0.070910
0.130750
0.173047
0.076496
0.082076
0.122396
0.111963
0.126406
0.161063
0.074782
0.110064
0.100759
0.222512
0.123816
0.096404
0.115714
0.182333
0.107969
0.132676
0.062200
0.101595
0.162922
0.227849
0.218051
0.130100
0.069932
0.095285
0.099581
0.081762
0.042392
0.135027
0.127582
