1.739471
0.114638
0.031357
0.114375
0.057874
0.063890
0.065310
0.054605
0.064692
0.041272
0.132568
0.118333
0.097708
0.051294
0.041759
0.051644
0.031082
0.128631
0.049248
0.042437
0.111717
0.051038
0.070573
0.055423
0.053027
0.064270
0.096380
0.056544
0.095158
0.055531
0.207821
0.057296
0.106872
0.055864
0.037352
0.068455
0.033207
0.029613
0.029324
0.086934
0.099021
0.068337
0.064781
0.096938
0.047232
0.056657
0.049579
0.022365
0.082918
0.047004
0.105744
0.054125
0.047721
0.112444
0.048109
0.028946
0.100026
0.061728
0.030220
0.062615
0.074867
0.028399
0.038246
0.045494
0.050033
0.078329
0.046129
0.045084
0.055098
0.079489
0.140327
0.038544
0.032990
0.064631
0.063156
0.060093
0.076950
0.054672
0.063585
0.107322
0.107174
0.053852
0.038303
0.044616
0.024007
0.040034
0.042101
0.051194
0.029544
0.049295
0.151004
0.043199
0.058475
0.094527
0.041290
0.039328
0.030954
0.035270
0.037744
0.044500
0.096578
0.058273
0.091212
0.054304
0.041036
0.049651
0.079287
0.045784
0.042684
0.066358
0.122998
0.045789
0.038703
0.050449
0.070053
0.050107
0.054875
0.048293
0.105073
0.026582
0.128797
0.071529
0.050246
0.032760
0.043464
0.047963
0.048271
0.055199
0.056692
0.048009
0.219831
0.061824
0.046251
0.133263
0.022427
0.048636
0.154001
0.075734
0.119978
0.087104
0.080412
0.092356
0.111740
0.080211
0.039845
0.106091
0.041500
0.043023
0.104233
0.047807
0.104755
0.047290
0.036050
0.093230
0.033324
0.035007
0.044940
0.116076
0.227912
0.091961
0.106652
0.132971
0.050288
0.036494
0.054471
0.071821
0.066703
0.048995
0.041724
0.049630
0.100668
0.028871
0.026998
0.027823
0.028162
0.021032
0.098463
0.043475
0.044917
0.054548
0.096565
0.039126
0.040440
0.195394
0.081234
0.071696
0.071355
0.080463
0.130162
0.122256
0.340799
0.053167
0.049417
0.040620
0.042169
0.044242
0.060306
0.046637
0.068244
0.049193
0.086531
0.103233
0.055842
0.076267
0.044490
0.035101
0.037975
0.043269
0.046427
0.045459
0.194817
0.052408
0.042513
0.061605
0.041259
0.039897
0.041889
0.116972
0.048703
0.047826
0.119263
0.125562
0.029263
0.046094
0.054433
0.031791
0.039940
0.047947
0.050508
0.029124
0.074111
0.043440
0.025797
0.039811
0.051471
0.035248
0.051976
0.036910
0.039537
0.040844
0.148082
0.042565
0.053808
0.039414
0.037872
0.044069
0.051224
0.037441
0.043179
0.114863
0.143545
0.065564
0.036647
0.037282
0.043465
0.040920
0.043509
0.114834
0.092619
0.048901
0.127248
0.031651
0.024651
0.029255
0.032835
0.025328
0.039741
0.081289
0.059114
0.038852
0.113448
0.053359
0.053813
0.080854
0.068511
0.049636
0.032361
0.052574
0.048340
0.079132
0.101593
0.061463
0.060229
0.033664
0.069776
0.032837
0.032797
0.047479
0.036727
0.044079
0.112849
0.052353
0.037872
0.048206
0.089455
0.056634
0.043603
0.051735
0.051275
0.081016
0.099785
0.035218
0.035367
0.024706
0.030813
0.073167
0.030287
0.044523
0.028584
0.025556
0.101579
0.035525
0.079110
0.136314
0.050283
0.038401
0.077912
0.099628
0.099514
0.025647
0.082523
0.046176
0.028347
0.047148
0.056525
0.052488
0.044209
0.102504
0.066919
0.056400
0.114087
0.060162
0.049025
0.065561
0.060307
0.038171
0.047637
0.036510
0.036222
0.086842
0.124730
0.060802
0.043356
0.041165
0.087807
0.030550
0.040843
0.037260
0.048455
0.047065
0.095648
0.048526
0.054873
0.056662
0.091388
0.049486
0.044072
0.048017
0.066787
0.035603
0.106744
0.032771
0.031191
0.089897
0.035582
0.052365
0.049090
0.034140
0.054178
0.045462
0.107553
0.047323
0.055594
0.129253
0.093171
0.055346
0.028960
0.039540
0.040847
0.041876
0.111127
0.051734
0.100875
0.035950
0.048554
0.052763
0.072250
0.035208
0.027433
0.059692
0.120008
0.129727
0.043378
0.032222
0.023710
0.045210
0.053012
0.029031
0.033012
0.021785
0.089181
0.071712
0.050200
0.104217
0.042244
0.037038
0.031551
0.063091
0.036367
0.029499
0.111540
0.035976
0.026787
0.034444
0.044975
0.056122
0.150102
0.187391
0.143356
0.144392
0.200267
0.156401
0.095921
0.055568
0.055224
0.067158
0.080879
0.061718
0.050425
0.078470
0.125644
0.029682
0.043838
0.042783
0.034232
0.093822
0.052117
0.035128
0.043478
0.070014
0.134005
0.064608
0.054673
0.042765
0.062507
0.051851
0.090976
0.090139
0.036069
0.051662
0.138054
0.088651
0.078093
0.043069
0.067763
0.036628
0.113692
0.094197
0.049411
0.076665
0.255198
0.087332
0.037961
0.102103
0.056895
0.040570
0.059419
0.060220
0.151044
0.044054
0.094504
0.043659
0.059179
0.049541
0.058675
0.031878
0.065365
0.155228
0.083133
0.077715
0.236804
0.051153
0.030937
0.071353
0.045463
0.108922
0.067502
0.063905
0.046260
0.081082
0.181093
0.060435
0.037878
0.036326
0.100824
0.082183
0.043955
0.043130
0.045485
0.024700
0.127587
0.039614
0.064497
0.090346
0.057593
0.034927
0.074577
0.081295
0.028757
0.034611
0.224005
0.102527
0.108995
0.045688
0.088789
0.048475
0.051770
0.097465
0.083612
0.057171
0.120800
0.087570
0.044939
0.028839
0.039792
0.037183
0.033952
0.145828
0.051166
0.040483
0.096198
0.038470
0.044542
0.130688
0.056733
0.037983
0.040944
0.050574
0.074663
0.091312
0.163226
0.038223
0.031508
0.030528
0.037826
0.033867
0.027959
0.032150
0.077738
0.032310
0.083733
0.037583
0.038502
0.031612
0.037921
0.095348
0.035757
0.033779
0.036791
0.029948
0.083763
0.030687
0.036881
0.076459
0.037015
0.030603
0.033017
0.034414
0.032858
0.032005
0.109812
0.060681
0.031669
0.035690
0.034307
0.037097
0.034542
0.085708
0.031594
0.035244
0.084098
0.031314
0.034444
0.031040
0.032150
0.082247
0.035251
0.026623
0.035952
0.030476
0.085336
0.033089
0.075132
0.033182
0.063300
0.070603
0.074541
0.034977
0.079721
0.027829
0.141395
0.087422
0.033985
0.032539
0.078134
0.076643
0.047791
0.051052
0.035258
0.069309
0.132472
0.033605
0.031600
0.031539
0.039052
0.032587
0.037959
0.068444
0.038130
0.032822
0.089377
0.030579
0.034886
0.030270
0.081927
0.080899
0.033331
0.029942
0.032034
0.081531
0.138957
0.033526
0.072306
0.036923
0.030111
0.032576
0.032902
0.032380
0.034024
0.073795
0.081503
0.032005
0.029923
0.037075
0.027607
0.030168
0.024513
0.023655
0.021260
0.021218
0.070457
0.023507
0.022320
0.035890
0.024258
0.027576
0.029420
0.023736
0.021714
0.021065
0.069001
0.027411
0.026034
0.121312
0.132149
0.126333
0.074065
0.146412
0.126934
0.160113
0.104671
0.026907
0.032932
0.038510
0.033450
0.035966
0.038688
0.036194
0.035096
0.035488
0.112047
0.026076
0.035598
0.080625
0.022655
0.028055
