2.002162
0.326006
0.320885
0.372400
0.222530
0.127164
0.082915
0.050360
0.038046
0.021192
0.108442
0.058941
0.030460
0.035164
0.037910
0.040340
0.034817
0.027290
0.034887
0.066775
0.084833
0.049142
0.050490
0.028138
0.039669
0.066698
0.033579
0.023455
0.044128
0.052124
0.124425
0.061122
0.050866
0.044266
0.078612
0.063588
0.112343
0.148360
0.172898
0.164373
0.221314
0.213136
0.179024
0.110853
0.050466
0.069633
0.062926
0.077982
0.064401
0.061515
0.180850
0.065942
0.110622
0.109097
0.067952
0.075774
0.122587
0.070520
0.067156
0.055653
0.155231
0.081509
0.079236
0.145576
0.061604
0.051056
0.052237
0.068706
0.146244
0.057433
0.170333
0.057639
0.056604
0.061481
0.065287
0.082727
0.064909
0.075426
0.071535
0.068135
0.165279
0.095907
0.068787
0.097390
0.090400
0.113626
0.056570
0.067303
0.063617
0.169017
0.142136
0.075439
0.094147
0.104164
0.068489
0.059145
0.057170
0.077193
0.074273
0.115220
0.181089
0.135579
0.063475
0.085750
0.104181
0.094573
0.055174
0.079281
0.055855
0.095126
0.186625
0.122170
0.116065
0.115019
0.110358
0.051518
0.061847
0.078349
0.108823
0.060681
0.267851
0.114730
0.073635
0.101434
0.073242
0.059985
0.135507
0.060300
0.152120
0.164060
0.226060
0.125077
0.064242
0.121689
0.097830
0.068527
0.131456
0.102470
0.096931
0.028813
0.135015
0.038910
0.043974
0.055707
0.047404
0.034518
0.037314
0.026645
0.064219
0.073742
0.205292
0.131899
0.072789
0.036709
0.028683
0.035000
0.039906
0.037141
0.089830
0.100444
0.120439
0.054166
0.062096
0.073269
0.096333
0.113688
0.110883
0.078071
0.083405
0.072380
0.172822
0.080360
0.145298
0.086781
0.082434
0.085682
0.058999
0.053937
0.071920
0.082556
0.180709
0.051076
0.115485
0.069958
0.075553
0.081564
0.108864
0.044514
0.080565
0.092932
0.099026
0.038939
0.034238
0.040523
0.043613
0.056172
0.063265
0.085446
0.034966
0.058365
0.119414
0.117169
0.084776
0.046318
0.044910
0.028467
0.075022
0.075127
0.062585
0.069587
0.095295
0.043089
0.038270
0.033128
0.092769
0.038516
0.041347
0.047325
0.127280
0.119345
0.155782
0.051385
0.143691
0.080747
0.107512
0.059659
0.116903
0.122052
0.070987
0.129915
0.251348
0.046149
0.077591
0.118571
0.117254
0.094041
0.102004
0.066896
0.134735
0.071755
0.150859
0.121240
0.102161
0.122377
0.052936
0.072457
0.058323
0.059760
0.050657
0.182554
0.194449
0.097152
0.128288
0.118499
0.092165
0.081367
0.084907
0.089127
0.081427
0.139449
0.266228
0.119278
0.147188
0.102203
0.165929
0.066158
0.144200
0.139257
0.169061
0.150547
0.185252
0.070330
0.179585
0.095156
0.069461
0.088867
0.067230
0.062616
0.232778
0.077823
0.204115
0.088584
0.080844
0.046011
0.041176
0.059299
0.062228
0.131711
0.049371
0.099225
0.110157
0.049349
0.098898
0.077469
0.033843
0.046918
0.052372
0.047941
0.063514
0.095291
