1.961168
0.043016
0.058967
0.025204
0.126266
0.096046
0.078259
0.064754
0.119747
0.084257
0.158516
0.094069
0.094958
0.084432
0.075178
0.126664
0.041416
0.051498
0.109167
0.150378
0.155169
0.108298
0.060863
0.090785
0.137451
0.082823
0.082984
0.109768
0.131107
0.062382
0.169523
0.097438
0.040940
0.041484
0.083084
0.122900
0.043870
0.063607
0.088977
0.044194
0.124145
0.075817
0.125533
0.059928
0.079335
0.120548
0.079981
0.067173
0.078044
0.054829
0.126174
0.055232
0.086568
0.068080
0.141409
0.088072
0.114698
0.183272
0.320086
0.134046
0.190100
0.218903
0.125749
0.073364
0.084019
0.116625
0.167118
0.176728
0.182714
0.155988
0.143111
0.180151
0.066879
0.053329
0.067018
0.091082
0.088249
0.050557
0.105990
0.065968
0.175664
0.100651
0.137738
0.066561
0.134220
0.057797
0.118249
0.077833
0.131123
0.070777
0.230129
0.119274
0.253941
0.103649
0.187761
0.178936
0.170429
0.092932
0.067541
0.074752
0.167333
0.089459
0.117220
0.128370
0.075391
0.068818
0.048064
0.091146
0.075688
0.094920
0.202580
0.108153
0.075004
0.081189
0.073848
0.137957
0.066606
0.132009
0.042799
0.059781
0.150132
0.090070
0.070736
0.117265
0.052512
0.060242
0.049097
0.081852
0.123864
0.067750
0.102524
0.094247
0.042587
0.107943
0.083123
0.082838
0.091884
0.088162
0.054275
0.054797
0.185605
0.084710
0.099439
0.122730
0.068294
0.067562
0.254202
0.155574
0.121160
0.155560
0.254460
0.155131
0.114399
0.093907
0.086261
0.058938
0.070931
0.057596
0.087165
0.148792
0.155132
0.078579
0.059648
0.104277
0.082110
0.113638
0.203344
0.076332
0.147014
0.257678
0.124798
0.213466
0.206084
0.165529
0.050113
0.201727
0.169514
0.115618
0.078472
0.132477
0.199750
0.064481
0.105940
0.119266
0.103714
0.088994
0.109846
0.071159
0.111412
0.033482
0.152025
0.098753
0.141687
0.130732
0.113914
0.099057
0.056925
0.065341
0.053423
0.097640
0.206579
0.139344
0.078622
0.098902
0.096534
0.089643
0.111878
0.161019
0.078833
0.117861
0.209538
0.115153
0.208108
0.090598
0.081719
0.110714
0.077880
0.076606
0.166642
0.082074
