1.875032
0.042117
0.053705
0.063768
0.062604
0.041693
0.103635
0.038196
0.037235
0.119872
0.157029
0.031292
0.048145
0.060802
0.056387
0.049724
0.185888
0.178825
0.292819
0.199086
0.303570
0.182969
0.145803
0.179226
0.205790
0.157028
0.158087
0.247968
0.093611
0.068106
0.124513
0.035625
0.076115
0.031582
0.024090
0.050218
0.071185
0.052710
0.104807
0.114143
0.145499
0.055110
0.043868
0.097379
0.159200
0.200702
0.214715
0.207132
0.247308
0.240838
0.167453
0.073442
0.049275
0.061745
0.079410
0.071403
0.064379
0.025504
0.059685
0.109414
0.150068
0.082397
0.047193
0.056358
0.095567
0.098774
0.084473
0.041461
0.052928
0.087976
0.140956
0.073479
0.047768
0.125100
0.048245
0.170783
0.044585
0.132832
0.127119
0.039477
0.171694
0.069858
0.109786
0.065872
0.110076
0.058432
0.105118
0.081662
0.095273
0.168693
0.160590
0.050080
0.087295
0.076890
0.111321
0.023830
0.064550
0.096955
0.058736
0.104831
0.137890
0.095586
0.039590
0.119766
0.104397
0.117290
0.069244
0.105639
0.057490
0.102907
0.144289
0.075760
0.090337
0.100584
0.062430
0.098500
0.114806
0.147515
0.049549
0.102651
0.188091
0.089809
0.044308
0.058201
0.101340
0.053006
0.101890
0.066453
0.105123
0.069752
0.247509
0.120879
0.063625
0.116079
0.069592
0.066640
0.071792
0.084461
0.070765
0.108500
0.121379
0.109155
0.132007
0.114646
0.114328
0.067167
0.084782
0.047337
0.096668
0.126538
0.185272
0.053524
0.105805
0.139012
0.047681
0.128715
0.162428
0.042225
0.118481
0.038316
0.238886
0.116262
0.052557
0.053485
0.061718
0.054461
0.117983
0.047921
0.074938
0.031290
0.115760
0.025414
0.033048
0.035292
0.030670
0.013393
0.014291
0.015397
0.037805
0.018964
0.123951
0.025366
0.020723
0.014515
0.020030
0.031482
0.034026
0.031702
0.010168
0.012833
0.147772
0.011549
0.040814
0.022182
0.016161
0.016649
0.025548
0.020128
0.016542
0.007587
0.082298
0.035098
0.032224
0.019640
0.024716
0.037427
0.020717
0.018248
0.031818
0.024031
0.105147
0.026819
0.018321
0.020960
0.022372
0.016788
0.013025
0.024776
0.009800
0.035156
0.235925
0.082470
0.063380
0.044107
0.076279
0.053791
0.046157
0.096208
0.118355
0.116843
0.104415
0.080434
0.052801
0.051567
0.104693
0.043132
0.047899
0.084295
0.135200
0.058167
0.158640
0.095527
0.055427
0.101462
0.052299
0.031950
0.020669
0.010925
0.022242
0.026804
0.110710
0.047674
0.019139
0.028971
0.034564
0.037892
0.023568
0.029467
0.033905
0.034528
0.182125
0.023982
0.021563
0.019409
0.027507
0.025316
0.020323
0.025590
0.024323
0.033441
0.178645
0.035970
0.021569
0.020549
0.022679
0.021831
0.022586
0.025246
0.015026
0.026271
0.206172
0.062130
0.032358
0.033238
0.044390
0.029072
0.026429
0.025038
0.030046
0.082726
0.131834
0.033535
0.030308
0.026807
0.026062
0.026802
0.028490
0.010080
0.012789
0.025724
0.147521
0.034617
0.009356
0.022513
0.009863
0.012227
0.009383
0.182911
0.122677
0.062463
0.164349
0.105985
0.056168
0.108505
0.097564
0.070682
0.136399
0.057091
0.110639
0.048480
0.140327
0.053089
0.058100
0.043042
0.055732
0.098738
0.047366
0.056067
0.109260
0.069613
0.126194
0.051293
0.039679
0.058532
0.025079
0.036625
0.015936
0.030379
0.036949
0.027281
0.159023
0.017006
0.017390
0.029627
0.036291
0.017430
0.030106
0.027429
0.034251
0.034518
0.143385
0.030317
0.021670
0.030674
0.023024
0.015029
0.021750
0.016133
0.024692
0.017810
0.155574
0.031765
0.022105
0.025872
0.008194
0.025257
0.022759
0.009763
0.024616
0.013417
0.147615
0.024371
0.017722
0.017349
0.026059
0.040374
0.013699
0.020272
0.019991
0.040207
0.103891
0.025994
0.017013
0.024004
0.032716
0.019937
0.020349
0.020046
0.027575
0.021393
0.165560
0.030160
0.054774
0.022225
0.010219
0.023530
0.021706
0.020986
0.030135
0.023594
0.087101
0.024166
0.016510
0.025771
0.023185
0.020471
0.027476
0.019821
0.035909
0.019493
0.092243
0.016082
0.016227
0.047126
0.036043
0.020894
0.031616
0.017526
0.029071
0.024039
0.096847
0.009620
0.015667
0.010688
0.027299
0.017448
0.014242
0.011475
0.014566
0.015279
0.084409
0.015216
0.022765
0.014884
0.031586
0.017420
0.025606
0.023373
0.019924
0.015859
0.100947
0.012486
0.010748
0.009630
0.011174
0.010822
0.010628
0.009892
0.010739
0.012467
0.101277
0.027641
0.191104
0.062269
0.063192
0.048418
0.042589
0.047218
0.036592
0.068331
0.105432
0.048352
0.061809
0.084686
0.035827
0.104590
0.113844
0.048184
0.049047
0.123771
0.140930
0.052999
0.061696
0.044935
0.053156
0.085109
0.066313
0.016939
0.022433
0.010453
0.151799
0.014304
0.040068
0.043774
0.103119
0.121676
0.052567
0.029711
0.066644
0.063789
0.118612
0.046057
0.070636
0.090741
0.055287
0.074131
0.052536
0.125811
0.057955
0.064817
0.125850
0.069253
0.091100
0.017928
0.028770
0.007672
0.025397
0.006944
0.014128
0.016366
0.087798
0.019417
0.057200
0.017351
0.021330
0.021534
0.017315
0.020528
0.014275
0.017143
0.119577
0.062028
0.018936
0.021598
0.019475
0.018733
0.025715
0.011758
0.019093
0.018055
0.100018
0.019997
0.015696
0.013702
0.022933
0.022127
0.019262
0.020182
0.013305
0.024583
0.095038
0.007870
0.022981
0.016494
0.018612
0.018148
0.016931
0.022725
0.016399
0.022096
0.070791
0.012414
0.022539
0.015478
0.010693
0.008340
0.008682
0.008786
0.008106
0.007588
0.110584
0.012242
0.008195
0.008936
0.021799
0.013741
0.021084
0.009024
0.008659
0.012625
0.077064
0.014341
0.020575
0.012518
0.013675
0.013005
0.015754
0.015070
0.013507
0.014470
0.089150
0.016459
0.029335
0.022049
0.008702
0.018952
0.019122
0.018731
0.018154
0.013643
0.094722
0.023528
0.013474
0.011017
0.026005
0.061781
0.031495
0.027302
0.030194
0.026315
0.131580
0.018220
0.016538
0.013366
0.023865
0.039489
0.040763
0.038554
0.018717
0.016534
0.135211
0.037614
0.019612
0.022158
0.018098
0.026270
0.020280
0.023739
0.025558
0.030030
0.156161
0.036178
0.022887
0.013985
0.020065
0.012344
0.021973
0.033629
0.028515
0.030258
0.144181
0.036757
0.023233
0.012975
0.028469
0.019177
0.027001
0.032632
0.025478
0.020303
0.141061
0.011639
0.010451
0.021373
0.022557
0.011034
0.025327
0.009782
0.023742
0.018933
0.103550
0.012375
0.014051
0.012344
0.010367
0.017760
0.014323
0.032611
0.033899
0.011731
0.093892
0.010732
0.013081
0.027721
0.023510
0.011253
0.012833
0.017995
0.015236
0.011519
0.140081
0.010159
0.010371
0.022611
0.011092
0.017088
0.011373
0.008935
0.016530
0.009167
0.106199
0.013318
0.011389
0.013337
0.013657
0.010176
0.017040
0.010756
0.010822
0.013614
0.126855
0.024956
0.017078
0.011704
0.010659
0.018464
0.009866
0.019874
0.016793
0.028635
0.156493
0.008272
0.033726
0.009042
0.014353
0.007680
0.028032
0.032989
0.105210
0.133808
0.183179
0.172312
0.030524
0.137140
0.152558
0.067818
0.119697
0.065003
0.078616
0.078228
0.106167
0.158641
0.017740
0.017902
0.025564
0.016994
0.021096
0.013652
0.019899
0.017770
0.072505
0.017256
0.017597
0.022177
0.028343
0.040180
0.034663
0.026480
0.015598
0.042132
0.064929
0.009253
0.009609
0.021164
0.026039
0.021319
0.016494
0.017541
0.018929
0.021751
