1.845303
0.102681
0.046581
0.046996
0.068590
0.052773
0.085188
0.073801
0.044713
0.039122
0.136602
0.141391
0.117307
0.111773
0.080324
0.122587
0.149219
0.058364
0.047005
0.071792
0.129346
0.081200
0.137464
0.094581
0.080765
0.086174
0.089886
0.097732
0.054368
0.028082
0.122441
0.134050
0.122696
0.084443
0.134280
0.065005
0.068293
0.154113
0.067577
0.180222
0.258204
0.202312
0.117473
0.128005
0.130393
0.129077
0.145473
0.118200
0.071804
0.045589
0.121087
0.115646
0.052037
0.059928
0.062571
0.088230
0.100197
0.087745
0.076750
0.103568
0.117841
0.076410
0.153704
0.138697
0.091023
0.077841
0.071054
0.073054
0.070729
0.118261
0.151838
0.054588
0.089061
0.079401
0.104417
0.060443
0.049360
0.183407
0.074704
0.071322
0.146829
0.050700
0.110789
0.077331
0.113106
0.131977
0.131148
0.049799
0.053983
0.073596
0.132243
0.074457
0.058838
0.044023
0.041971
0.088318
0.076217
0.042252
0.123023
0.048958
0.208141
0.060019
0.057039
0.231481
0.144241
0.158567
0.158822
0.130419
0.127827
0.251299
0.205634
0.061340
0.063903
0.069256
0.063138
0.056392
0.061847
0.064587
0.140076
0.068863
0.163845
0.056808
0.137215
0.053123
0.047364
0.123970
0.067507
0.144119
0.062438
0.089584
0.217457
0.119712
0.202155
0.098592
0.039731
0.121122
0.079509
0.162416
0.057623
0.113905
0.174583
0.066526
0.143345
0.055143
0.057276
0.163959
0.125944
0.057521
0.229514
0.153218
0.139958
0.173952
0.076961
0.060998
0.089562
0.197947
0.174118
0.106781
0.113667
0.060428
0.173001
0.105596
0.131554
0.103198
0.047491
0.106850
0.120827
0.128337
0.201097
0.042643
0.148513
0.139019
0.250612
0.061779
0.154351
0.156532
0.196049
0.212426
0.169760
0.131339
0.142605
0.070794
0.066794
0.168229
0.057499
0.046992
0.167695
0.103193
0.122014
0.078873
0.128339
0.040878
0.113704
0.063228
0.068776
0.212102
0.133618
0.137846
0.194456
0.181832
0.292871
0.151750
0.126203
0.039400
0.056889
0.142137
0.056603
0.039208
0.198505
0.035586
0.163522
0.038769
0.030434
0.043747
0.294003
0.158476
0.108982
0.017367
0.057377
0.076644
0.134745
0.179758
0.018297
0.015915
0.073543
0.076311
0.020739
0.072790
0.010656
0.014688
0.105800
0.122671
0.037037
0.082681
0.146796
0.143433
0.051422
0.072484
0.059788
0.097768
0.233639
0.095218
0.220629
0.135221
0.088820
0.110860
0.145014
0.026907
0.031184
0.013334
0.098262
0.016320
0.015258
0.031387
0.016931
0.026268
0.016046
0.027273
0.030105
0.030039
0.166867
0.086547
0.059023
0.197052
0.147404
0.067676
0.061192
0.053148
0.030650
0.091730
0.196157
0.099186
0.102731
0.088235
0.112538
0.167127
0.105906
0.117532
0.061659
0.076664
0.160867
0.066369
0.058452
0.038323
0.111049
0.123003
0.154582
0.083890
0.106986
0.060763
0.143410
0.222099
0.192315
0.060230
0.221285
0.058747
0.239538
0.129057
0.074320
0.104641
0.188515
0.189713
0.180172
0.203055
0.079148
0.198004
0.147356
0.125917
0.049585
0.150687
0.173361
0.054240
0.177377
0.135627
0.074465
0.161553
0.064249
0.070942
0.090592
0.053982
0.136860
0.162519
0.059572
0.074164
0.065186
0.063346
0.060463
0.084761
0.177725
0.275210
0.151298
0.160583
0.046604
0.207647
0.184842
0.133663
0.129489
0.093973
0.072833
0.074963
0.181756
0.085984
0.062811
0.075139
0.079366
0.115592
0.069299
0.114717
0.048044
0.078089
0.157301
0.086915
0.181723
0.132153
0.105698
0.118986
0.079231
0.218961
0.177712
0.165189
0.214856
0.118297
0.157350
0.065844
0.060076
0.150250
0.074158
0.060220
0.096802
0.134093
0.211756
0.073188
0.135814
0.066617
0.085147
0.075726
0.118515
0.148906
0.087715
0.076723
0.147486
0.107508
0.075097
0.073574
0.188799
0.098679
0.100335
0.121245
0.062869
0.059876
0.136574
0.080591
0.069299
0.072069
0.064238
0.162333
0.105107
0.063187
0.070114
0.046336
0.094457
0.036931
0.113400
0.087499
0.119611
0.151307
0.063105
0.094769
0.183720
0.228869
0.354746
0.301156
0.115218
0.069212
0.088080
0.073800
0.063731
0.091561
0.064052
0.183308
0.205178
0.090327
0.097941
0.105300
0.094910
0.087113
0.088745
0.080650
0.067549
0.112418
0.157246
0.118178
0.075389
0.129062
0.032565
0.070967
0.024433
0.160543
0.114496
0.210213
0.173821
0.142611
0.075376
0.061856
0.107460
0.251194
0.206701
0.147459
0.160477
0.061255
0.225542
0.067538
0.117873
0.101196
0.068731
0.019772
0.067173
0.024082
0.119520
0.067366
0.133246
0.108666
0.039151
0.066978
0.079206
0.052157
0.190484
0.076803
0.081639
0.067813
0.243393
0.190178
0.091991
0.092776
0.133336
0.085507
0.071596
0.085480
0.154826
0.090043
0.137641
0.145903
0.062004
0.070948
0.037600
0.050751
0.150232
0.053350
0.016688
0.085649
0.161532
0.079342
0.071519
0.192354
0.320155
0.218626
0.111841
0.175784
0.149894
0.064727
