1.901228
0.042036
0.045377
0.109565
0.054378
0.137134
0.154568
0.070737
0.103694
0.053376
0.181938
0.092327
0.074198
0.157583
0.100552
0.045723
0.101632
0.085810
0.048190
0.070550
0.113121
0.056550
0.066040
0.120516
0.071683
0.046268
0.065970
0.053782
0.057672
0.036336
0.157554
0.095027
0.149085
0.101458
0.092953
0.044066
0.083681
0.053314
0.063126
0.081229
0.272642
0.080962
0.067240
0.058163
0.065401
0.053144
0.119531
0.097447
0.117271
0.065607
0.211446
0.071706
0.081623
0.064451
0.070825
0.065158
0.153587
0.048087
0.057602
0.120427
0.203722
0.061075
0.070103
0.076875
0.075698
0.081267
0.089580
0.105660
0.068855
0.050755
0.206596
0.111004
0.093143
0.101854
0.029004
0.137858
0.077431
0.088296
0.117664
0.068113
0.152144
0.082372
0.111271
0.106794
0.041068
0.159961
0.045007
0.035596
0.030032
0.068036
0.158554
0.049070
0.071533
0.108217
0.083505
0.130244
0.079167
0.084005
0.073339
0.101597
0.189476
0.058589
0.086087
0.072871
0.093780
0.120771
0.045223
0.101037
0.064652
0.056605
0.167478
0.095283
0.084203
0.089566
0.059472
0.060578
0.052418
0.054391
0.072291
0.087021
0.212481
0.115834
0.080209
0.049972
0.072629
0.102341
0.113438
0.118623
0.174778
0.051771
0.126254
0.043645
0.036089
0.032385
0.045281
0.033873
0.053115
0.076672
0.102842
0.125795
0.117798
0.029474
0.052258
0.047733
0.078249
0.076959
0.074192
0.067781
0.094207
0.069494
0.134326
0.119266
0.055464
0.062608
0.065249
0.071021
0.098121
0.086101
0.064000
0.041774
0.097484
0.106720
0.186219
0.064032
0.146040
0.120455
0.078193
0.068268
0.074258
0.055018
0.238925
0.161263
0.149523
0.175343
0.173574
0.160326
0.209887
0.134114
0.120789
0.122631
0.112569
0.124605
0.121362
0.074066
0.089624
0.207461
0.092477
0.082345
0.099563
0.052325
0.152598
0.064944
0.070544
0.066683
0.164565
0.077284
0.087750
0.070673
0.056665
0.105928
0.159662
0.150531
0.068415
0.040813
0.123097
0.090310
0.110686
0.124353
0.068425
0.124174
0.145363
0.060237
0.114877
0.117151
0.119120
0.119481
0.073720
0.074323
0.064112
0.019318
0.097035
0.020414
0.038949
0.034790
0.062719
0.062450
0.076885
0.021620
0.158069
0.040218
0.132581
0.046016
0.070350
0.013843
0.017341
0.045240
0.076470
0.037496
0.046234
0.082782
0.200304
0.070585
0.134970
0.060574
0.050617
0.059019
0.021145
0.032969
0.061941
0.073217
0.156892
0.067793
0.081940
0.094990
0.048263
0.063154
0.048167
0.051874
0.058277
0.039020
0.114831
0.099539
0.118717
0.065160
0.054786
0.057628
0.024552
0.028935
0.023818
0.084133
0.131999
0.103477
0.089497
0.062097
0.144856
0.057984
0.169189
0.096406
0.018222
0.012093
0.078887
0.013597
0.012666
0.016957
0.012272
0.015620
0.019477
0.031712
0.016717
0.019915
0.155310
0.142752
0.053273
0.119171
0.142066
