2.069259
0.097906
0.121993
0.093817
0.073580
0.081684
0.053027
0.085915
0.060837
0.113649
0.189807
0.074987
0.136685
0.188111
0.083980
0.074286
0.147948
0.201604
0.131562
0.111884
0.197688
0.111864
0.076823
0.110801
0.109152
0.126496
0.140339
0.192234
0.123048
0.039484
0.170233
0.031368
0.061326
0.094909
0.155760
0.041505
0.052442
0.156526
0.060644
0.100329
0.251246
0.063693
0.179446
0.438029
0.185839
0.380997
0.289430
0.038623
0.062702
0.107996
0.146659
0.078357
0.059576
0.078481
0.056419
0.079473
0.138069
0.188215
0.084328
0.109212
0.179531
0.056221
0.126991
0.075057
0.051473
0.057673
0.067964
0.065635
0.071191
0.067773
0.293879
0.072789
0.083820
0.063882
0.076029
0.100154
0.071439
0.117771
0.112737
0.080215
0.233493
0.071699
0.096955
0.052748
0.045514
0.099699
0.075879
0.141610
0.178189
0.078541
0.212027
0.131004
0.054083
0.063499
0.068921
0.155805
0.091760
0.073250
0.067676
0.067127
0.163373
0.127806
0.053503
0.055586
0.093431
0.061785
0.075408
0.071303
0.084764
0.068910
0.154209
0.058553
0.083139
0.140580
0.145724
0.104246
0.057439
0.052209
0.054605
0.057101
0.157355
0.088825
0.072123
0.085739
0.073853
0.123387
0.085022
0.063693
0.057625
0.080922
0.174498
0.098851
0.094338
0.081718
0.066353
0.087091
0.113296
0.089364
0.094216
0.073393
0.162198
0.062132
0.093832
0.075799
0.108696
0.077514
0.100744
0.129614
0.097629
0.107154
0.153030
0.076752
0.057895
0.118531
0.066232
0.082334
0.127332
0.089123
0.141951
0.103344
0.173369
0.086298
0.170757
0.048981
0.051299
0.035788
0.071657
0.106646
0.100027
0.099135
0.148778
0.031640
0.058091
0.044708
0.077328
0.070293
0.110744
0.094907
0.126932
0.083530
0.203903
0.042094
0.136670
0.074554
0.111254
0.052982
0.063264
0.079674
0.061798
0.132651
0.254366
0.081543
0.137781
0.062251
0.099017
0.083299
0.074157
0.125222
0.099805
0.110577
