1.923215
0.117857
0.135669
0.130555
0.120727
0.172283
0.062543
0.064777
0.162005
0.114079
0.245027
0.062160
0.061496
0.119099
0.054174
0.082256
0.106534
0.084062
0.060818
0.127918
0.296403
0.168698
0.203460
0.177848
0.148602
0.228678
0.133503
0.082351
0.037193
0.070615
0.125252
0.072834
0.047023
0.084294
0.125402
0.088416
0.082284
0.057142
0.068031
0.061384
0.123259
0.081776
0.139312
0.122344
0.068372
0.168883
0.058004
0.076417
0.134694
0.062470
0.183457
0.102877
0.096170
0.085441
0.070968
0.082492
0.065058
0.097408
0.092634
0.085911
0.261438
0.083233
0.095955
0.082345
0.125413
0.110342
0.072332
0.093527
0.089926
0.095835
0.123153
0.065176
0.083062
0.048752
0.066018
0.062105
0.088073
0.073836
0.037471
0.046356
0.175008
0.032705
0.046034
0.080948
0.033075
0.039280
0.068554
0.053981
0.051711
0.081127
0.138979
0.065051
0.052974
0.052264
0.038065
0.143305
0.110665
0.138404
0.202633
0.240521
0.289238
0.108014
0.085102
0.042571
0.048694
0.035053
0.159595
0.074621
0.035161
0.064613
0.153155
0.074297
0.060249
0.110409
0.194898
0.050234
0.052992
0.079247
0.112785
0.064740
0.154810
0.141815
0.062017
0.130964
0.135484
0.080385
0.063873
0.102110
0.123534
0.052548
0.158874
0.056906
0.119052
0.076487
0.056916
0.098277
0.077244
0.036947
0.072334
0.097611
0.109968
0.062100
0.091488
0.108978
0.062907
0.114924
0.072842
0.115708
0.089239
0.075640
0.175020
0.073439
0.075486
0.068136
0.059274
0.094363
0.075861
0.079084
0.058474
0.067620
0.181294
0.074292
0.065551
0.124572
0.197726
0.092401
0.110211
0.119806
0.232445
0.113861
0.111349
0.046880
0.035749
0.041376
0.063879
0.044407
0.096299
0.090521
0.105316
0.194766
0.192197
0.112271
0.098883
0.154318
0.071012
0.055942
0.044605
0.052630
0.084592
0.041280
0.117408
0.029622
0.040514
0.039615
0.073313
0.069570
0.067195
0.083255
0.070289
0.148610
