2.001024
0.203188
0.044202
0.146509
0.207361
0.078707
0.101076
0.083385
0.085605
0.070303
0.271959
0.144281
0.071623
0.108822
0.154792
0.122495
0.185324
0.102050
0.100283
0.076875
0.158257
0.077829
0.062610
0.070077
0.145483
0.062998
0.126614
0.068920
0.101694
0.066588
0.136878
0.034045
0.043746
0.120703
0.044773
0.027963
0.050413
0.050892
0.021496
0.045211
0.104191
0.022735
0.077523
0.026662
0.024873
0.029998
0.022699
0.021507
0.022666
0.023375
0.142995
0.011858
0.028479
0.022924
0.012347
0.039882
0.030061
0.017055
0.029035
0.069685
0.149122
0.038352
0.037296
0.022064
0.027543
0.008450
0.029240
0.033188
0.045229
0.018733
0.173335
0.033472
0.027785
0.018179
0.017291
0.015613
0.017884
0.019594
0.023268
0.024020
0.112689
0.024478
0.029833
0.046279
0.041216
0.018099
0.015730
0.016151
0.027125
0.026404
0.083831
0.017860
0.031198
0.039436
0.028999
0.029765
0.022904
0.030677
0.017682
0.026695
0.095206
0.020372
0.027092
0.016722
0.033384
0.019876
0.025852
0.033787
0.026949
0.036957
0.146679
0.018386
0.018115
0.021953
0.031880
0.032784
0.037183
0.027773
0.027460
0.031966
0.091153
0.020920
0.023266
0.023743
0.025792
0.021653
0.135428
0.068037
0.222651
0.143658
0.143420
0.045456
0.129764
0.087406
0.054351
0.067216
0.057048
0.163741
0.094923
0.079855
0.130614
0.097803
0.064499
0.056945
0.068009
0.060076
0.181174
0.307605
0.250603
0.194103
0.335472
0.170935
0.073550
0.055987
0.084798
0.104188
0.052178
0.083470
0.069888
0.091232
0.170451
0.045893
0.130508
0.009068
0.022487
0.033910
0.026630
0.012789
0.065037
0.031368
0.113245
0.013178
0.027589
0.073956
0.015863
0.053685
0.119448
0.026158
0.029091
0.113414
0.101857
0.115248
0.013211
0.153088
0.111783
0.023160
0.024960
0.027393
0.015371
0.016991
0.109388
0.096320
0.020433
0.012529
0.016087
0.021591
0.035791
0.041505
0.013761
0.008311
0.072161
0.017583
0.033108
0.016433
0.023994
0.011291
0.019107
0.132395
0.080139
0.043694
0.108437
0.050613
0.067150
0.065665
0.059838
0.065412
0.037809
0.197265
0.076581
0.022820
