2.282270
0.154668
0.034217
0.070973
0.074429
0.116780
0.112543
0.143428
0.106710
0.081613
0.145127
0.135119
0.090051
0.046224
0.068193
0.160269
0.058994
0.056307
0.061521
0.058247
0.090845
0.129735
0.031414
0.107745
0.042350
0.026396
0.041198
0.086397
0.068098
0.061452
0.177980
0.176915
0.239558
0.208394
0.224927
0.121055
0.062477
0.150820
0.119456
0.100236
0.127371
0.067220
0.079879
0.078919
0.064390
0.081520
0.075853
0.143312
0.056627
0.059401
0.121968
0.099536
0.080935
0.071751
0.062951
0.059117
0.039729
0.102721
0.030355
0.039064
0.152025
0.053685
0.066898
0.100209
0.078609
0.071241
0.074728
0.051886
0.128481
0.052961
0.095088
0.128032
0.047846
0.171004
0.167913
0.052762
0.068511
0.161089
0.091321
0.064078
0.198644
0.111075
0.061586
0.073061
0.068144
0.051783
0.052026
0.043066
0.049227
0.055858
0.089909
0.017799
0.097957
0.064422
0.099439
0.066955
0.245727
0.203625
0.014357
0.115100
0.218868
0.271144
0.143989
0.034015
0.145449
0.065416
0.048519
0.130940
0.111125
0.082506
0.116357
0.072781
0.080496
0.125525
0.070503
0.123939
0.105474
0.116779
0.073600
0.053529
0.135866
0.050020
0.070036
0.146370
0.202893
0.211019
0.140105
0.147422
0.111274
0.194911
0.214594
0.090698
0.103986
0.036109
0.127948
0.117499
0.072388
0.020220
0.029274
0.030635
0.124421
0.020719
0.057500
0.020549
0.061293
0.030954
0.016834
0.042894
0.038643
0.033914
0.117200
0.022397
0.032346
0.019776
0.022604
0.027258
0.018017
0.034261
0.025802
0.021581
0.100351
0.036575
0.020423
0.019530
0.045723
0.034999
0.037331
0.029607
0.034474
0.016250
0.123120
0.039047
0.026856
0.049025
0.026463
0.024758
0.028106
0.025787
0.018802
0.129014
0.079489
0.023079
0.021724
0.123523
0.034204
0.026836
0.020952
0.138445
0.029586
0.027402
0.107677
0.035996
0.074056
0.047493
0.030749
0.017564
0.012599
0.023485
0.020344
0.016535
0.148026
0.157561
0.019504
0.018329
0.140921
0.091187
0.055297
0.081811
0.042636
0.032458
0.137142
0.121776
0.077935
0.149124
0.098579
0.089859
0.073345
0.077084
0.135652
0.153447
0.187730
0.110983
0.056291
0.113746
0.184385
0.066086
0.049233
0.123154
0.037004
0.046265
0.104077
0.045007
0.093300
0.087020
0.049730
0.063880
0.064118
0.117959
0.051259
0.049252
0.150702
0.069294
0.051966
0.043661
0.165222
0.254732
0.316413
0.237893
0.182655
0.086625
0.099109
0.018558
0.054296
0.033231
0.047132
0.060483
0.130520
0.068988
0.200328
0.109085
0.107152
0.038309
0.038727
0.074932
0.076408
0.114692
0.092570
0.063157
0.114312
0.082679
0.160013
0.087665
0.104167
0.062575
0.075769
0.125172
0.090670
0.093521
0.171433
0.062645
0.159372
0.086361
0.114481
0.034885
0.054194
0.074019
0.081177
0.101699
0.066323
0.056309
0.131853
0.055786
0.130477
0.113911
0.064192
0.059175
0.065999
0.097970
0.085594
0.058493
0.237437
0.100697
0.069751
0.069057
0.058642
0.062955
0.073137
0.140487
0.172501
0.058418
0.103448
0.164541
0.152415
0.090322
0.175359
0.080519
0.076753
0.275764
0.074791
0.051058
