1.567104
0.047067
0.027729
0.058865
0.039922
0.047199
0.083681
0.070717
0.037792
0.042406
0.108165
0.038404
0.052335
0.087503
0.062558
0.055078
0.026979
0.062288
0.087462
0.051058
0.151765
0.055228
0.058128
0.145943
0.044283
0.044229
0.039434
0.030884
0.039399
0.045455
0.100690
0.034228
0.085495
0.025994
0.039922
0.034655
0.045317
0.046300
0.054105
0.074954
0.131444
0.042387
0.032515
0.025383
0.030462
0.030856
0.031551
0.031080
0.092735
0.029528
0.088028
0.034851
0.040356
0.027079
0.021170
0.024833
0.032720
0.124979
0.072098
0.084309
0.102745
0.049061
0.102588
0.061366
0.047882
0.023465
0.033900
0.023340
0.034724
0.035768
0.108098
0.110790
0.131389
0.059256
0.111624
0.064898
0.051872
0.040523
0.153882
0.078809
0.146469
0.153803
0.091459
0.059469
0.078119
0.059044
0.037426
0.073028
0.089086
0.045575
0.156216
0.064571
0.051123
0.052499
0.112877
0.069368
0.051521
0.042181
0.048267
0.061639
0.163454
0.039775
0.042288
0.042027
0.068883
0.051939
0.132973
0.061541
0.043347
0.041340
0.125396
0.049942
0.072264
0.077229
0.049701
0.035499
0.048305
0.051009
0.076814
0.081320
0.140063
0.100611
0.032886
0.056694
0.035737
0.049824
0.039318
0.061111
0.049346
0.115281
0.137513
0.056405
0.040593
0.108709
0.134683
0.042289
0.043701
0.047637
0.050240
0.048228
0.084261
0.034579
0.094912
0.022090
0.040132
0.031945
0.102665
0.033972
0.045532
0.027838
0.166696
0.045019
0.049092
0.039077
0.038483
0.033987
0.053640
0.077232
0.042256
0.026176
0.102061
0.080837
0.033481
0.041136
0.031165
0.020886
0.035009
0.042370
0.034209
0.026917
0.077524
0.033799
0.036796
0.041796
0.086424
0.031665
0.035339
0.031327
0.024953
0.034839
0.081831
0.032927
0.038307
0.034022
0.026234
0.035824
0.037827
0.038976
0.079288
0.031500
0.094547
0.034830
0.041985
0.039792
0.035297
0.026178
0.035541
0.039299
0.031414
0.027015
0.155782
0.033519
0.037271
0.029658
0.033309
0.038139
0.025578
0.030619
0.031194
0.026261
0.082329
0.041608
0.025666
0.039180
0.033996
0.079169
0.034709
0.038211
0.038142
0.035005
0.087537
0.035435
0.037092
0.036034
0.024644
0.029409
0.028887
0.023449
0.035489
0.076631
0.081689
0.038270
0.091797
0.084243
0.088890
0.034877
0.031022
0.076338
0.035887
0.037257
0.080060
0.142871
0.033666
0.032676
0.032455
0.084705
0.086625
0.034856
0.091985
0.037024
0.092590
0.035085
0.147487
0.043880
0.044052
0.032269
0.024449
0.036648
0.035437
0.024261
0.092084
0.030388
0.039479
0.031553
0.026546
0.037755
0.074996
0.030248
0.037925
0.037289
0.083358
0.090231
0.034356
0.035468
0.037127
0.035985
0.072994
0.034302
0.079792
0.085425
0.095603
0.036955
0.034010
0.025636
0.027720
0.035352
0.024986
0.026168
0.031496
0.018868
0.091580
0.034712
0.031248
0.086115
0.027164
0.032859
0.019463
0.034342
0.037733
0.044904
