2.247457
0.098759
0.084796
0.051217
0.056395
0.138562
0.119976
0.058535
0.065418
0.050759
0.147593
0.105783
0.061324
0.102952
0.064429
0.123906
0.080714
0.056018
0.148036
0.055095
0.119740
0.056558
0.115977
0.106051
0.096982
0.070741
0.095066
0.056831
0.057244
0.030492
0.163235
0.117530
0.104368
0.053594
0.106476
0.180749
0.077401
0.051877
0.043580
0.081443
0.200201
0.065324
0.062899
0.052041
0.059358
0.070352
0.071907
0.127299
0.118038
0.073719
0.153458
0.049144
0.034205
0.136044
0.094699
0.072561
0.107208
0.071488
0.124397
0.061261
0.118063
0.074234
0.075738
0.073514
0.099858
0.114652
0.088590
0.069863
0.096348
0.115728
0.139240
0.055571
0.071639
0.093510
0.207338
0.172034
0.061724
0.049021
0.150841
0.104745
0.151564
0.181241
0.069946
0.029842
0.046406
0.088645
0.150216
0.169428
0.350363
0.335417
0.178867
0.050870
0.061875
0.203009
0.189419
0.144497
0.103708
0.079686
0.061688
0.181252
0.121871
0.039411
0.027265
0.108941
0.051851
0.104328
0.074787
0.079962
0.098788
0.065392
0.131669
0.081357
0.112548
0.114944
0.081160
0.073157
0.041137
0.083371
0.081950
0.053067
0.127566
0.127967
0.086447
0.058942
0.074523
0.069592
0.069691
0.043375
0.066052
0.046723
0.272974
0.185301
0.165586
0.132222
0.222547
0.179924
0.028396
0.062591
0.066011
0.131287
0.247608
0.063960
0.133543
0.061129
0.055876
0.062728
0.061193
0.075416
0.073290
0.069621
0.178165
0.039858
0.047613
0.062105
0.113018
0.028715
0.022683
0.036242
0.094796
0.058219
0.079447
0.055552
0.023694
0.049283
0.062760
0.096857
0.089209
0.082880
0.087970
0.048518
0.141430
0.054119
0.094662
0.053692
0.065781
0.075968
0.080772
0.076808
0.067766
0.062738
0.159616
0.062259
0.050724
0.040112
0.066150
0.095871
0.049520
0.136428
0.079589
0.055471
0.191114
0.060453
0.075304
0.071884
0.042720
0.081908
0.083753
0.057512
0.058864
0.076401
