1.631924
0.076658
0.064456
0.143775
0.145400
0.070916
0.077051
0.085915
0.051376
0.038006
0.161158
0.048801
0.093935
0.056541
0.075055
0.059943
0.071465
0.051842
0.073457
0.039709
0.136517
0.051352
0.046886
0.058177
0.061511
0.068868
0.028551
0.079997
0.038368
0.061186
0.105157
0.041876
0.038828
0.048696
0.062061
0.050745
0.039404
0.041594
0.033915
0.045594
0.103568
0.062819
0.072288
0.126570
0.049917
0.054630
0.070988
0.058913
0.044740
0.078789
0.089095
0.057567
0.054325
0.092831
0.052161
0.087575
0.058003
0.155469
0.033984
0.048863
0.094602
0.048034
0.037093
0.042424
0.041568
0.046685
0.090403
0.044251
0.035405
0.022756
0.080039
0.038873
0.053272
0.054859
0.060909
0.043420
0.041712
0.053025
0.067660
0.153404
0.185251
0.067743
0.111383
0.058192
0.050880
0.031229
0.032423
0.047158
0.076972
0.029166
0.098862
0.068938
0.082832
0.048095
0.046596
0.035041
0.062495
0.052964
0.051702
0.040136
0.138266
0.045167
0.039108
0.028115
0.042267
0.104037
0.039006
0.034385
0.042683
0.042511
0.098136
0.027246
0.023503
0.078696
0.043584
0.022374
0.024453
0.030536
0.027073
0.041034
0.085078
0.039405
0.058714
0.050045
0.065996
0.052705
0.058344
0.041576
0.028912
0.065207
0.129980
0.028224
0.052721
0.048728
0.050792
0.049384
0.064471
0.080437
0.053553
0.058670
0.152788
0.034901
0.032507
0.062368
0.037975
0.027486
0.023458
0.027550
0.027892
0.043674
0.096763
0.040241
0.045070
0.031694
0.029500
0.045136
0.051939
0.045445
0.044369
0.058913
0.117837
0.040147
0.038717
0.065118
0.049317
0.043035
0.052214
0.033459
0.030099
0.051430
0.075457
0.029508
0.048517
0.074050
0.037845
0.029762
0.035514
0.026444
0.044922
0.057335
0.282155
0.161412
0.269040
0.205968
0.179538
0.150392
0.171435
0.131326
0.064054
0.052256
0.151184
0.127251
0.054550
0.136095
0.204600
0.050373
0.073530
0.048203
0.055525
0.069973
0.190310
0.073419
0.157426
0.091241
0.086680
0.125313
0.060640
0.038250
0.045790
0.052917
0.156992
0.187167
0.146270
0.029677
0.062928
0.143034
0.112832
0.152823
0.142277
0.059935
0.135911
0.024053
0.032741
0.067636
0.053375
0.098070
0.037682
0.194920
0.050767
0.028757
0.112698
0.052332
0.066198
0.053218
0.054205
0.041531
0.061942
0.052540
0.073851
0.036492
0.084079
0.031340
0.097770
0.094345
0.058937
0.060612
0.050641
0.060329
0.042665
0.026454
0.160036
0.045715
0.063563
0.059290
0.058750
0.119893
0.122442
0.043173
0.078743
0.059775
0.140627
0.041662
0.042006
0.060213
0.130569
0.047871
0.072261
0.056556
0.048155
0.040690
0.137467
0.072513
0.086149
0.066596
0.029115
0.024371
0.034894
0.043469
0.041212
0.063663
0.139530
0.074600
0.052992
0.050812
0.032433
0.034119
0.097027
0.050535
0.073963
0.072464
0.090835
0.150359
0.077733
0.076707
0.093897
0.077398
0.044965
0.093760
0.049881
0.079935
0.123845
0.078207
0.045386
0.051759
0.058643
0.046937
0.034600
0.028319
0.086594
0.069804
0.138162
0.040520
0.114637
0.029511
0.075051
0.054696
0.035010
0.067043
0.049699
0.042360
