2.136097
0.100017
0.057905
0.064469
0.071868
0.035162
0.027878
0.061184
0.050614
0.065727
0.201123
0.131354
0.063729
0.055788
0.056195
0.098825
0.073016
0.076179
0.068755
0.167284
0.167989
0.214325
0.146697
0.116326
0.100693
0.103593
0.094982
0.085823
0.177210
0.172510
0.172344
0.184556
0.112752
0.153164
0.063830
0.215124
0.174702
0.198390
0.065377
0.138737
0.158497
0.077082
0.138230
0.195306
0.158442
0.148704
0.127741
0.147821
0.078021
0.127681
0.144784
0.136888
0.150897
0.152023
0.099656
0.032015
0.135930
0.103438
0.087895
0.122633
0.223005
0.119912
0.067183
0.099318
0.064661
0.064813
0.103139
0.125660
0.128437
0.112364
0.196816
0.057978
0.090771
0.058738
0.074499
0.085482
0.133928
0.064017
0.150723
0.055582
0.159402
0.040194
0.046736
0.038201
0.091934
0.069024
0.069626
0.044412
0.036417
0.100193
0.200345
0.102538
0.141624
0.206152
0.317596
0.334738
0.036912
0.065967
0.059617
0.062703
0.176931
0.227655
0.148396
0.428513
0.308723
0.230850
0.097915
0.074912
0.057545
0.075112
0.230495
0.074667
0.119129
0.075326
0.076024
0.073359
0.081397
0.115683
0.213520
0.078504
0.180027
0.136959
0.067375
0.061325
0.044567
0.053142
0.091385
0.124070
0.095349
0.058436
0.167511
0.070058
0.120911
0.065508
0.110060
0.163331
0.053984
0.055772
0.082971
0.140301
0.156404
0.057563
0.057707
0.052900
0.108013
0.098950
0.069592
0.028775
0.038697
0.144200
0.138600
0.051589
0.067424
0.063702
0.079748
0.110854
0.098637
0.084496
0.106767
0.103039
0.211801
0.116935
0.130453
0.115443
0.044188
0.063255
0.061906
0.168223
0.075913
0.080166
0.165158
0.109281
0.082896
0.056987
0.065926
0.085660
0.070835
0.065788
0.075478
0.093697
0.158484
0.049326
0.163539
0.121106
0.133589
0.067981
0.084545
0.120386
0.123540
0.041377
0.141733
0.124992
0.110742
0.197834
0.095337
0.070637
0.108351
0.100939
0.121898
0.102339
0.175292
0.096404
0.062577
0.111385
0.094187
0.094978
0.052688
0.181997
0.117223
0.055495
0.188832
0.043129
0.075345
0.018949
0.028617
0.009778
0.062876
0.018500
0.029589
0.012480
0.130645
0.023288
0.013058
0.012343
0.071924
0.037398
0.068137
0.082625
0.080636
0.146737
0.234364
0.120773
0.141943
0.136110
0.058044
0.071726
0.080904
0.021757
0.041454
0.018052
0.175570
0.129610
0.092736
0.087330
0.150145
0.098981
0.025124
0.071846
0.069702
0.075104
0.172133
0.086119
0.131385
0.065464
0.064812
0.047126
0.020856
0.098360
0.061033
0.153520
0.085634
0.123015
0.112999
0.049443
0.061142
0.128698
0.065379
0.082270
0.091829
0.128365
0.221233
0.123828
0.125699
0.025905
0.069007
0.084395
0.035887
0.018250
0.083868
0.021909
0.176094
0.127470
0.126357
0.083605
0.076879
0.102851
0.060156
0.067879
0.073982
0.113417
0.189301
0.134861
0.028242
0.043586
0.098130
0.034396
0.057811
0.093532
0.059113
0.105149
0.165812
0.144681
0.093696
0.087114
0.076623
0.126765
0.069107
0.063208
0.073199
0.065885
0.170805
0.090473
0.068961
