1.994954
0.156754
0.056372
0.127797
0.058482
0.071784
0.081050
0.088854
0.119826
0.041976
0.150709
0.125641
0.062353
0.063900
0.067003
0.097012
0.066622
0.098008
0.062276
0.078049
0.172494
0.169633
0.071449
0.069416
0.073235
0.080047
0.055092
0.065866
0.063766
0.174119
0.219973
0.101232
0.094786
0.099645
0.079809
0.109233
0.086062
0.166623
0.084458
0.058263
0.197631
0.099546
0.079226
0.064345
0.064600
0.099512
0.130831
0.080005
0.084845
0.080154
0.254693
0.075071
0.071215
0.108914
0.082417
0.058416
0.069783
0.058919
0.058967
0.066460
0.184424
0.075690
0.092539
0.116710
0.069222
0.061532
0.069712
0.070393
0.063020
0.053345
0.193572
0.120424
0.121884
0.069989
0.076695
0.105536
0.040736
0.072564
0.070149
0.057603
0.229453
0.082065
0.100996
0.071574
0.068818
0.084141
0.068449
0.070215
0.075742
0.157113
0.200851
0.066668
0.087143
0.063336
0.061938
0.091643
0.065982
0.059251
0.120764
0.070145
0.209548
0.094070
0.108975
0.079117
0.032038
0.025781
0.075027
0.097986
0.104602
0.060717
0.205351
0.064240
0.070768
0.078802
0.054231
0.085534
0.080751
0.101876
0.087017
0.074606
0.218547
0.070625
0.066135
0.087523
0.062641
0.089050
0.047165
0.108405
0.052750
0.099694
0.210171
0.096072
0.058562
0.065551
0.059849
0.069013
0.068766
0.105566
0.059194
0.048917
0.162338
0.058255
0.122839
0.061308
0.052313
0.072465
0.135220
0.121113
0.040227
0.074697
0.179837
0.068006
0.106178
0.082499
0.081414
0.168665
0.070285
0.100366
0.091107
0.063461
0.169729
0.045362
0.015233
0.065401
0.050844
0.069518
0.042434
0.107340
0.045737
0.046138
0.110358
0.080267
0.055520
0.186318
0.091972
0.048419
0.044200
0.188888
0.135583
0.155586
0.291019
0.192265
0.097547
0.187861
0.057330
0.123024
0.061610
0.044934
0.018334
0.009573
0.126886
0.014115
0.013054
0.016099
0.040575
0.067076
0.126386
0.043739
0.130953
0.107874
0.124215
0.083319
0.062606
0.134681
0.123054
0.058867
0.137149
0.220083
0.121057
0.125701
0.121725
0.172025
0.122868
0.113041
0.060041
0.133242
0.065408
0.158279
0.056900
0.126753
0.268167
0.103232
0.133861
0.119854
0.113081
0.126701
0.049107
0.068459
0.136557
0.132558
0.192650
0.062268
0.059260
0.044174
0.119730
0.138098
0.161917
0.101067
0.131336
0.298364
0.306815
0.112007
0.133626
0.147247
0.151786
0.072611
0.110365
0.103184
0.190640
0.085050
0.233153
0.248402
0.123080
0.047526
0.069622
0.197151
0.201101
0.089360
0.222100
0.116658
0.213169
0.088786
0.134196
0.096753
0.059550
0.076247
0.092879
0.079452
0.070707
0.069238
0.156124
0.052630
0.104505
0.043459
0.091882
0.064897
0.042423
0.049981
0.108837
0.069239
0.175944
0.073441
0.080180
0.068248
0.059768
0.071409
0.141266
0.175295
0.248129
0.232382
0.369975
0.160764
0.127732
0.200900
0.218259
0.091070
0.134127
0.154091
0.201862
0.219060
0.145724
0.081661
0.140692
0.242439
0.126765
0.238188
0.160945
0.154028
0.166095
0.091346
0.147013
0.095620
0.083907
0.071496
0.134785
0.039301
0.122297
0.083206
0.088856
0.073974
0.162717
0.044339
0.092756
0.094019
0.109250
0.065644
