1.792648
0.046216
0.100501
0.060496
0.071820
0.047693
0.159924
0.047579
0.068941
0.167748
0.142545
0.125065
0.067531
0.154970
0.055560
0.049951
0.157276
0.056191
0.075700
0.108094
0.210528
0.118303
0.188157
0.057470
0.149688
0.124171
0.074533
0.134397
0.116784
0.125334
0.161353
0.069167
0.071402
0.106692
0.114546
0.059316
0.043385
0.052216
0.100104
0.155413
0.222998
0.108896
0.084216
0.097324
0.109901
0.082985
0.121385
0.106789
0.144421
0.116134
0.138834
0.068563
0.066858
0.053435
0.093096
0.054120
0.078773
0.061966
0.152211
0.076867
0.177101
0.064886
0.058842
0.120189
0.097284
0.064578
0.072700
0.056611
0.054989
0.069963
0.189289
0.080837
0.032810
0.120003
0.096927
0.092751
0.086299
0.078352
0.016817
0.068426
0.164114
0.097015
0.106233
0.057795
0.103248
0.126825
0.100559
0.078877
0.047518
0.034013
0.169641
0.064333
0.102938
0.050757
0.044493
0.079018
0.055984
0.060372
0.069454
0.211919
0.248546
0.296613
0.118557
0.182991
0.178915
0.099902
0.080524
0.075972
0.043065
0.093930
0.090078
0.032579
0.036753
0.029071
0.041801
0.036114
0.100171
0.041960
0.058485
0.086304
0.142145
0.059436
0.142381
0.124435
0.068181
0.061087
0.184119
0.192968
0.237211
0.192445
0.203212
0.052475
0.060045
0.053490
0.045319
0.042594
0.096301
0.065191
0.123671
0.063476
0.177280
0.111852
0.047358
0.030364
0.171580
0.088279
0.069850
0.099645
0.072049
0.109746
0.188095
0.175724
0.100984
0.034836
0.129676
0.075209
0.074701
0.055698
0.080465
0.107055
0.203508
0.191163
0.064327
0.188820
0.107541
0.081750
0.091041
0.089404
0.051247
0.041082
0.215558
0.081964
0.055613
0.058099
0.058540
0.047873
0.067445
0.094234
0.103657
0.091222
0.162768
0.074505
0.125480
0.101688
0.124025
0.096332
0.128940
0.131064
0.102586
0.102704
0.317136
0.108884
0.174966
0.056468
0.046010
0.066794
0.086111
0.059258
0.105717
0.150081
