2.317983
0.119710
0.120857
0.056949
0.096156
0.074615
0.124927
0.101667
0.068978
0.072987
0.225007
0.085833
0.126013
0.062320
0.076936
0.079326
0.051188
0.119373
0.029837
0.129093
0.108146
0.062469
0.122751
0.104270
0.120370
0.072773
0.110083
0.068633
0.103924
0.101521
0.192490
0.140761
0.121589
0.101851
0.115980
0.074150
0.121352
0.067075
0.059135
0.123692
0.262781
0.083320
0.114302
0.116248
0.231458
0.076860
0.118230
0.143485
0.135211
0.062891
0.081518
0.019601
0.018003
0.015036
0.010635
0.013940
0.022693
0.019000
0.021889
0.044394
0.146405
0.042810
0.053101
0.067369
0.056104
0.047075
0.049278
0.087894
0.110644
0.050749
0.111563
0.044447
0.055751
0.073312
0.047729
0.043577
0.064789
0.065522
0.102314
0.064183
0.308726
0.210553
0.176607
0.117694
0.051972
0.088070
0.151531
0.148913
0.360846
0.172851
0.246082
0.138623
0.070100
0.144342
0.102585
0.076285
0.053040
0.051919
0.050177
0.060213
0.174178
0.076936
0.169704
0.119839
0.098253
0.026734
0.036150
0.113318
0.074890
0.074069
0.125964
0.050285
0.094998
0.102330
0.045666
0.151414
0.139619
0.143433
0.066230
0.117205
0.187809
0.160386
0.139784
0.113692
0.089265
0.103333
0.060126
0.070085
0.099943
0.104428
0.177930
0.032168
0.083059
0.070901
0.098590
0.047792
0.067300
0.156816
0.128066
0.070502
0.112983
0.056718
0.077870
0.119282
0.061307
0.075258
0.136994
0.122902
0.070867
0.114633
0.239473
0.062737
0.071164
0.095696
0.087962
0.087914
0.054632
0.078076
0.125797
0.098456
0.195929
0.060116
0.118582
0.060719
0.062660
0.218343
0.028388
0.012619
0.012046
0.008607
0.103431
0.041667
0.057387
0.095099
0.060379
0.106468
0.059941
0.083961
0.142913
0.120494
0.142818
0.054807
0.074497
0.054469
0.098927
0.082186
0.134746
0.042892
0.028290
0.046962
0.168018
0.049746
0.031290
0.065292
0.150190
0.038357
0.073383
0.047855
0.115021
0.059395
0.200643
0.080831
0.182781
0.070881
0.079421
0.080392
0.142359
0.061211
0.047330
0.110886
0.234133
0.060107
0.047816
0.112966
0.077070
0.089393
0.133652
0.132480
0.058623
0.165865
0.096868
0.147956
0.148059
0.096807
0.061459
0.087415
0.032800
0.086618
0.148483
0.078662
0.091373
0.060337
0.071510
0.048715
0.061001
0.074543
0.038103
0.056440
0.049604
0.074072
0.074936
0.117997
0.112870
0.167732
0.132029
0.159735
0.117573
0.093432
0.120875
0.057500
0.144809
0.025892
0.082938
0.087344
0.037822
0.190210
0.069950
0.094847
0.034698
0.093581
0.113005
0.031064
0.052432
0.027793
0.035658
0.093063
0.008067
0.023138
0.017621
0.026694
0.125667
0.007792
0.007511
0.023110
0.022728
0.007936
0.062948
0.114702
0.044438
0.061894
0.155666
0.068392
0.089482
0.081289
0.065325
0.042656
0.023154
0.081529
0.072433
0.074657
0.149244
0.029658
0.037346
0.021438
0.040524
0.055045
0.025627
0.022139
0.033692
0.024792
0.093404
0.026239
0.041706
0.041450
0.039793
0.032594
0.026263
0.226852
0.188351
0.150531
0.237114
0.172969
0.135845
0.027333
0.051558
0.064691
0.022580
0.042002
0.053280
0.035212
0.078355
0.035241
0.079122
0.026508
0.039661
0.124589
0.007731
0.012345
0.009953
0.007035
0.100654
0.007527
0.008291
0.006715
0.013511
0.008958
0.012060
0.007127
0.013846
0.008030
0.085713
0.008039
0.006939
0.007454
0.008279
0.010143
0.020249
0.010113
0.009375
0.008931
0.088971
0.016003
0.017358
0.023111
0.012009
0.012722
0.012118
0.013966
