1.855104
0.134251
0.168475
0.111363
0.079683
0.061536
0.060840
0.062737
0.080138
0.105542
0.090621
0.127498
0.098424
0.135939
0.075126
0.124341
0.088731
0.092533
0.092442
0.116388
0.188712
0.062691
0.066365
0.128925
0.107736
0.057788
0.055027
0.116610
0.100599
0.080519
0.125986
0.345274
0.152031
0.142038
0.270779
0.175165
0.122031
0.066538
0.067825
0.077713
0.108210
0.098675
0.168572
0.120573
0.103742
0.061045
0.058278
0.100021
0.097277
0.081882
0.290099
0.069839
0.070625
0.163359
0.098495
0.121569
0.122689
0.203503
0.074250
0.103296
0.208796
0.150375
0.062166
0.064411
0.052802
0.135140
0.107046
0.127217
0.265065
0.276076
0.247281
0.136740
0.229130
0.145303
0.090910
0.069483
0.054619
0.115069
0.056636
0.105467
0.243114
0.081217
0.055213
0.097419
0.172205
0.074536
0.118391
0.078144
0.060567
0.105235
0.176476
0.137791
0.109644
0.182632
0.119513
0.126854
0.125175
0.168807
0.058582
0.146863
0.189001
0.087441
0.059994
0.079746
0.139811
0.175963
0.144215
0.122454
0.102764
0.186882
0.147611
0.080828
0.060647
0.075992
0.126992
0.068908
0.047782
0.054754
0.050737
0.076274
0.142767
0.075632
0.078838
0.164392
0.160644
0.203779
0.173852
0.177927
0.111860
0.200178
0.119283
0.075501
0.109042
0.120614
0.084605
0.090434
0.066018
0.078602
0.107672
0.169784
0.119605
0.132913
0.061861
0.137970
0.087419
0.059387
0.166578
0.167385
0.171255
0.074581
0.167994
0.142380
0.104650
0.082260
0.183760
0.044551
0.125852
0.111954
0.075733
0.188012
0.203969
0.075194
0.159037
0.068398
0.093927
0.088634
0.070239
0.094261
0.098257
0.112734
0.247550
0.083331
0.067732
0.054029
0.117181
0.088269
0.149188
0.097805
0.107065
0.129352
0.212714
0.119710
0.064236
0.076705
0.097900
0.086607
0.079669
0.098168
0.135201
0.134516
0.184082
0.113776
0.077052
0.076908
0.110688
0.084785
0.079468
0.183348
0.065479
0.060055
