2.052721
0.057026
0.057815
0.068210
0.050186
0.068980
0.107451
0.052000
0.078476
0.058133
0.153632
0.052437
0.088479
0.068122
0.067337
0.032397
0.060687
0.125443
0.056202
0.106404
0.130800
0.031821
0.068371
0.055206
0.088798
0.042833
0.061905
0.110478
0.077861
0.077419
0.131214
0.067756
0.068355
0.090856
0.054321
0.168533
0.063390
0.127450
0.043680
0.038058
0.124865
0.062516
0.051376
0.067058
0.095300
0.043516
0.096385
0.076541
0.059023
0.117361
0.194784
0.101156
0.055156
0.067472
0.073452
0.065840
0.062428
0.113772
0.035307
0.062325
0.143395
0.058882
0.145004
0.051027
0.077959
0.082345
0.077659
0.060426
0.070642
0.066469
0.244552
0.106006
0.052746
0.132950
0.138071
0.132357
0.075675
0.094240
0.188946
0.055468
0.140356
0.094452
0.117656
0.050084
0.054840
0.058105
0.054905
0.038659
0.060356
0.065965
0.126257
0.039064
0.031926
0.035103
0.051286
0.056744
0.061761
0.118120
0.187197
0.184760
0.195868
0.163673
0.190185
0.208716
0.095921
0.061042
0.060548
0.043153
0.052028
0.120042
0.187234
0.044309
0.104259
0.085383
0.071451
0.076370
0.059900
0.062561
0.137382
0.082286
0.124436
0.093116
0.129479
0.044564
0.045554
0.042558
0.050501
0.073882
0.057094
0.035970
0.115861
0.034086
0.040404
0.055744
0.091351
0.082232
0.056185
0.036992
0.036288
0.045864
0.118480
0.042823
0.042771
0.021887
0.034094
0.032542
0.028501
0.089696
0.030968
0.102933
0.179425
0.057686
0.060908
0.061199
0.112831
0.243491
0.199839
0.188618
0.120839
0.164185
0.183873
0.092892
0.135618
0.056091
0.112168
0.105525
0.052034
0.064586
0.047218
0.047840
0.108534
0.050606
0.069156
0.094002
0.081029
0.125806
0.082036
0.036096
0.055621
0.061163
0.136548
0.042493
0.052583
0.091900
0.060020
0.027175
0.054161
0.065395
0.079749
0.055777
0.128532
0.057326
0.057859
0.177667
0.243021
0.236672
0.210810
0.189819
0.211755
0.084361
0.220188
0.074966
0.052659
0.072268
0.070865
0.069082
0.114361
0.100004
0.100676
0.135994
0.162189
0.074738
0.072672
0.125417
0.078728
0.078252
0.099666
0.111106
0.106471
0.124095
0.159872
0.061314
0.072923
0.074579
0.067927
0.057435
0.048561
0.094512
0.175151
0.064315
0.159194
0.076655
0.055778
0.081937
0.089049
0.094603
0.112336
0.103999
0.077310
0.059370
0.129427
0.040355
0.067662
0.104324
0.074565
0.068364
0.095909
0.074360
0.080008
0.083787
0.221687
0.061946
0.081122
0.059779
0.047248
0.107442
0.045065
0.067820
0.053588
0.035078
0.189947
0.060668
0.057869
0.087052
0.059836
0.185711
0.109130
0.097502
0.081484
0.111450
0.159495
0.074966
0.040143
0.082075
0.064770
0.137866
0.092611
0.065517
0.068753
0.052512
0.151171
0.058070
0.177439
0.067378
0.045539
0.061353
0.052546
0.040427
0.063418
0.095801
0.146344
0.084986
0.108957
0.069358
0.057053
0.114370
0.056797
0.052204
0.054418
0.083723
