1.853597
0.041948
0.086291
0.058568
0.096127
0.058515
0.036817
0.040173
0.044925
0.056664
0.265028
0.064488
0.054221
0.122400
0.082948
0.068347
0.072017
0.085945
0.095342
0.103874
0.148269
0.176918
0.225384
0.146173
0.083822
0.054407
0.097069
0.118856
0.051488
0.048050
0.156504
0.062817
0.082420
0.063761
0.064337
0.114562
0.068450
0.105876
0.108254
0.078232
0.152872
0.162681
0.108968
0.086063
0.088049
0.053192
0.088659
0.084916
0.080197
0.050569
0.192465
0.091427
0.178153
0.114679
0.146088
0.157475
0.130924
0.081210
0.134002
0.156382
0.234271
0.110067
0.122736
0.124684
0.065277
0.112368
0.095365
0.086904
0.174790
0.089331
0.261607
0.101079
0.065285
0.043157
0.041736
0.085261
0.114297
0.083871
0.100369
0.032064
0.128798
0.043565
0.028151
0.026393
0.033942
0.034345
0.133468
0.033645
0.080619
0.053512
0.126100
0.055912
0.127762
0.208638
0.198383
0.201721
0.129037
0.191650
0.106679
0.203629
0.285664
0.076963
0.080075
0.103287
0.056007
0.074813
0.062149
0.032730
0.035990
0.033360
0.230323
0.105294
0.071466
0.016085
0.035564
0.026355
0.021431
0.025466
0.020636
0.029372
0.125387
0.023146
0.028066
0.033769
0.021205
0.016778
0.020748
0.043849
0.036246
0.019647
0.070993
0.020431
0.027966
0.016688
0.029307
0.023431
0.017648
0.015515
0.022120
0.033519
0.073409
0.013377
0.036469
0.013166
0.033707
0.022438
0.023287
0.021695
0.014311
0.015408
0.114028
0.036247
0.022214
0.027906
0.025524
0.012218
0.015962
0.014479
0.015637
0.075814
0.237135
0.065355
0.076288
0.074217
0.086733
0.056254
0.136257
0.059669
0.062204
0.081113
0.200217
0.045123
0.069396
0.073551
0.125701
0.068951
0.118349
0.065296
0.114629
0.113571
0.160364
0.131788
0.120310
0.147013
0.100779
0.060803
0.029361
0.024106
0.015240
0.025191
0.094971
0.038377
0.013531
0.025023
0.033423
0.036196
0.021681
0.017625
0.030292
0.019974
