1.561957
0.063783
0.038461
0.021906
0.050251
0.048684
0.027953
0.088875
0.084586
0.055278
0.114964
0.043772
0.041825
0.057021
0.057294
0.121363
0.045867
0.054686
0.060948
0.065422
0.156250
0.052434
0.025671
0.031800
0.025491
0.032149
0.045149
0.077559
0.048645
0.062475
0.084267
0.051381
0.056570
0.060175
0.059599
0.170745
0.034845
0.030166
0.033692
0.040457
0.110815
0.045631
0.073359
0.074575
0.054110
0.058413
0.028917
0.061914
0.067373
0.107605
0.079676
0.092463
0.024907
0.021214
0.038266
0.027786
0.029870
0.026690
0.031755
0.032823
0.082470
0.035954
0.023586
0.036516
0.023341
0.042287
0.038692
0.071891
0.031591
0.072363
0.142684
0.038420
0.045001
0.069682
0.052615
0.033350
0.106783
0.034172
0.039395
0.039971
0.113335
0.042927
0.051431
0.038971
0.040169
0.051374
0.129267
0.044274
0.024007
0.039655
0.113193
0.056583
0.052560
0.044110
0.050964
0.058271
0.053023
0.033432
0.061590
0.066264
0.182706
0.067651
0.107476
0.042026
0.055364
0.043649
0.055242
0.094460
0.075981
0.057912
0.126749
0.053226
0.087085
0.080653
0.059649
0.022938
0.052696
0.060948
0.050755
0.034204
0.176483
0.053158
0.051649
0.113516
0.043831
0.046264
0.059011
0.063064
0.067148
0.060380
0.089807
0.045735
0.044142
0.060960
0.067981
0.057175
0.049215
0.033689
0.055650
0.097755
0.132046
0.035492
0.026544
0.046280
0.023110
0.091654
0.040491
0.036031
0.061759
0.061529
0.153571
0.047130
0.033415
0.044054
0.054051
0.038394
0.033205
0.034396
0.107768
0.064925
0.166951
0.047338
0.059736
0.060776
0.038054
0.041521
0.042497
0.043188
0.032324
0.039162
0.196619
0.066865
0.046134
0.057794
0.038862
0.041291
0.035830
0.050501
0.043367
0.065479
0.167432
0.114508
0.062431
0.032668
0.061707
0.063682
0.030576
0.044601
0.049247
0.090599
0.134910
0.041348
0.046429
0.041943
0.068574
0.081121
0.037715
0.034842
0.079984
0.090892
