2.163619
0.039952
0.057651
0.083741
0.013431
0.022852
0.033807
0.034363
0.024707
0.057545
0.087578
0.018588
0.012201
0.020961
0.032538
0.027360
0.014465
0.012621
0.023101
0.022889
0.143355
0.032122
0.048927
0.032034
0.020500
0.046091
0.026766
0.012567
0.019981
0.037591
0.140052
0.024484
0.029462
0.033708
0.234265
0.043320
0.022038
0.025041
0.205731
0.035922
0.154534
0.031028
0.201618
0.021765
0.032584
0.021268
0.029027
0.019680
0.026537
0.017659
0.103236
0.019770
0.038354
0.022323
0.026120
0.026809
0.032234
0.041508
0.020502
0.018059
0.116503
0.018720
0.017608
0.023036
0.016946
0.071302
0.057230
0.040412
0.091056
0.116943
0.203146
0.133750
0.101909
0.069109
0.079411
0.103015
0.085529
0.060877
0.085398
0.110427
0.174716
0.075194
0.065032
0.079299
0.096879
0.129471
0.077152
0.072710
0.061717
0.071316
0.178709
0.088480
0.124302
0.114976
0.074597
0.071032
0.118683
0.062839
0.104847
0.054738
0.189826
0.060432
0.112121
0.086456
0.124608
0.131428
0.088768
0.115537
0.061162
0.121411
0.229737
0.121380
0.056621
0.072900
0.152342
0.043202
0.087862
0.190294
0.030349
0.071696
0.205206
0.199128
0.326339
0.184651
0.295620
0.274934
0.204145
0.173555
0.063979
0.042492
0.145752
0.068224
0.128141
0.117309
0.108643
0.064927
0.052660
0.113020
0.190321
0.062427
0.180227
0.094326
0.109603
0.065067
0.042207
0.047391
0.152921
0.060669
0.069516
0.091434
0.194272
0.065366
0.061004
0.084043
0.141436
0.212842
0.159513
0.132812
0.181482
0.222996
0.161663
0.115118
0.104163
0.072502
0.132955
0.063958
0.072689
0.083698
0.074240
0.077585
0.161496
0.076445
0.038629
0.058917
0.125602
0.138494
0.073045
0.096707
0.073182
0.134579
0.150383
0.106266
0.047290
0.129461
0.113288
0.061130
0.066744
0.080225
0.126992
0.059305
0.253208
0.058838
0.075395
0.117322
0.143202
0.069015
0.106681
0.139881
0.064373
0.081795
0.245475
0.083638
0.051552
0.058307
0.063392
0.044574
0.054229
0.067981
0.048963
0.059401
0.213434
0.077971
0.085477
0.045902
0.252044
0.177856
0.173044
0.103223
0.292557
0.199883
0.161523
0.147774
0.065221
0.122784
0.108578
0.173358
0.076293
0.076929
0.124419
0.055643
0.197772
0.072828
0.133871
0.078519
0.090670
0.122150
0.081732
0.131805
0.053540
0.141117
0.148662
0.116165
0.122861
0.107824
0.125351
0.127575
0.074301
0.108322
0.135410
0.147150
0.119273
0.127821
0.074309
0.111781
0.145831
0.071975
0.054502
0.135502
0.099643
0.141901
0.253722
0.109832
0.113336
0.159299
0.100983
0.081391
0.109296
0.100593
0.053284
0.197725
0.184991
0.089657
0.127024
0.112149
0.074529
0.070291
0.083883
0.078931
0.124042
0.073959
0.180251
0.058415
0.048997
0.066063
0.048312
0.068953
0.080228
0.050068
0.096261
0.146238
0.143946
0.055959
0.047659
0.054367
0.054632
0.073860
0.125573
0.138612
0.091169
0.096484
0.170903
0.064606
0.036011
0.059215
0.101571
0.067677
0.086778
0.050951
0.124913
0.098836
0.138450
0.100823
0.109525
0.063642
0.072109
0.092355
0.076058
0.119165
0.106644
0.103888
