1.738409
0.053633
0.068432
0.114128
0.060954
0.042580
0.059161
0.127247
0.109080
0.154499
0.123587
0.057788
0.069759
0.081267
0.184150
0.067912
0.094333
0.058734
0.136224
0.105610
0.165569
0.110206
0.088127
0.083640
0.170646
0.055476
0.012980
0.010672
0.167023
0.078708
0.180836
0.069865
0.049905
0.076233
0.090482
0.059654
0.102394
0.062805
0.081543
0.070529
0.147942
0.134298
0.057444
0.072236
0.077304
0.073438
0.056671
0.172544
0.101102
0.165614
0.163294
0.083484
0.069368
0.051521
0.048851
0.057354
0.064623
0.052609
0.121518
0.139988
0.128335
0.112087
0.072050
0.087260
0.064260
0.116072
0.074756
0.105696
0.073017
0.109396
0.268672
0.118628
0.046088
0.112093
0.136256
0.063694
0.069833
0.068627
0.050998
0.090856
0.169658
0.102705
0.139112
0.121950
0.072510
0.111937
0.065601
0.071726
0.084193
0.106515
0.172893
0.098741
0.119821
0.167414
0.159930
0.071085
0.138335
0.125526
0.104279
0.132491
0.217171
0.054497
0.073385
0.130448
0.131524
0.065033
0.057854
0.076357
0.071645
0.063285
0.098179
0.036765
0.039948
0.082484
0.039806
0.112646
0.066375
0.076140
0.059723
0.051741
0.119117
0.057699
0.087104
0.103930
0.062279
0.053731
0.039910
0.028890
0.153036
0.108615
0.151597
0.030940
0.069743
0.055923
0.058495
0.071749
0.050004
0.069147
0.137040
0.062764
0.115659
0.035654
0.033371
0.035455
0.079047
0.133441
0.062032
0.066137
0.070938
0.059132
0.161450
0.097714
0.090876
0.068837
0.099250
0.070864
0.083030
0.049252
0.128813
0.055380
0.145163
0.113790
0.062722
0.064853
0.052022
0.082541
0.069505
0.122268
0.073794
0.060673
0.177019
0.049688
0.123781
0.056758
0.064743
0.060185
0.037214
0.040416
0.046196
0.044242
0.131465
0.150683
0.063080
0.126042
0.061987
0.046685
0.040256
0.057790
0.050021
0.037285
0.103015
0.034670
0.027312
0.089923
0.086348
0.104645
0.069179
0.070352
0.098717
0.062763
0.144309
0.074320
0.091369
0.073785
0.122923
0.143996
0.094671
0.094756
0.075999
0.095220
0.185807
0.103818
0.066272
0.116931
0.058711
0.127723
0.082990
0.076480
0.108133
0.126203
0.216653
0.063673
0.062533
0.084206
0.067869
0.057344
0.066052
0.090333
0.144012
0.083528
0.241209
0.123709
0.130982
0.058707
0.106891
0.059787
0.105654
0.067147
0.100532
0.170148
0.323207
0.061078
0.030373
0.045429
0.096510
0.049474
0.148548
0.079725
0.052543
0.096659
0.142006
0.099986
0.027108
0.091693
0.046290
0.099565
0.112846
0.082546
0.160053
0.040999
0.185658
0.082108
0.085984
0.047312
0.070667
0.072548
0.148830
0.055211
0.119748
0.093731
0.150236
0.111849
0.100077
0.090586
0.088888
0.097571
0.074223
0.136435
0.157441
0.068468
0.240844
0.069039
0.092741
0.074020
0.091597
0.066010
0.069162
0.108607
0.050055
0.036369
0.130395
0.078063
0.089746
0.070653
0.071138
0.070233
0.132434
0.063848
0.117949
0.057752
