1.974676
0.039930
0.076152
0.042717
0.100509
0.148510
0.049607
0.049198
0.069459
0.114154
0.146829
0.076769
0.076710
0.083303
0.104609
0.108416
0.053929
0.147932
0.132704
0.073948
0.193368
0.092063
0.135040
0.131940
0.121559
0.059346
0.051560
0.057164
0.027978
0.105859
0.199593
0.094286
0.054371
0.070987
0.058040
0.053219
0.073569
0.057229
0.102000
0.057965
0.171793
0.065379
0.086543
0.054848
0.108196
0.068013
0.060224
0.065242
0.094729
0.052749
0.180719
0.049664
0.053523
0.083548
0.169212
0.095899
0.074480
0.136691
0.069967
0.062459
0.140952
0.101024
0.065739
0.082101
0.067484
0.111982
0.081176
0.177857
0.080499
0.056818
0.215865
0.067721
0.053639
0.153064
0.061244
0.066513
0.064210
0.130008
0.091046
0.107366
0.124438
0.079044
0.102504
0.090305
0.086347
0.041059
0.061649
0.042863
0.039812
0.077681
0.327273
0.110015
0.103607
0.039321
0.053243
0.052124
0.060561
0.102051
0.040136
0.050752
0.138957
0.099709
0.041363
0.042632
0.049583
0.088008
0.031386
0.031993
0.088568
0.030394
0.096130
0.031756
0.041476
0.035052
0.050819
0.051712
0.062284
0.039486
0.119754
0.070499
0.123505
0.082680
0.063576
0.048294
0.053171
0.046602
0.060874
0.061912
0.068130
0.106636
0.097265
0.062191
0.121654
0.189107
0.102826
0.158576
0.144235
0.199143
0.170317
0.056957
0.130134
0.046402
0.067324
0.183291
0.058571
0.042583
0.032229
0.055401
0.054706
0.107669
0.123555
0.072974
0.047119
0.063682
0.037483
0.133632
0.090700
0.120046
0.060094
0.112420
0.160473
0.092332
0.087938
0.069760
0.137463
0.072782
0.118780
0.135161
0.067664
0.078957
0.161627
0.070575
0.076975
0.070095
0.068594
0.184385
0.064572
0.127958
0.061759
0.061989
0.166187
0.080694
0.074236
0.089028
0.053321
0.089111
0.068077
0.099335
0.171105
0.061231
0.161858
0.050924
0.071890
0.123002
0.053856
0.075617
0.076308
0.044161
0.056625
0.074561
0.226295
0.047314
0.082387
0.077423
0.103376
0.058299
0.036513
0.066915
0.081038
0.084795
0.172839
0.067447
0.143989
0.066294
0.112023
0.085572
0.079057
0.067307
0.071307
0.017883
0.154082
0.043846
0.072529
0.138622
0.074906
0.053601
0.038466
0.054422
0.108000
0.022983
0.123148
0.029475
0.081763
0.026447
0.047248
0.037827
0.054884
0.106423
0.102644
0.051221
0.089812
0.105281
0.058777
0.062103
0.072720
0.059879
0.047974
0.059999
0.057909
0.040257
0.146409
0.095608
0.098275
0.059768
0.076621
0.083633
0.059503
0.057706
0.063206
0.047841
0.156193
0.175885
0.184921
0.205150
0.166106
0.190386
0.175786
0.130164
0.047832
0.070497
0.137992
0.045811
0.049028
0.060548
0.065904
0.057118
0.096182
0.166089
0.059299
0.019011
0.156422
0.095393
0.081383
0.071985
0.077710
0.073282
0.074224
0.112070
0.152018
0.105111
0.216698
0.070493
0.111223
0.093270
0.089144
0.060815
0.061456
0.128830
0.049872
0.057571
0.270749
0.072262
0.051399
0.066307
0.102846
0.071042
0.104694
0.113245
0.090768
0.080095
0.177544
0.071947
