2.077371
0.071973
0.070433
0.111989
0.195167
0.068304
0.097016
0.058257
0.085122
0.201736
0.173493
0.109455
0.089502
0.067529
0.072508
0.082899
0.100517
0.067597
0.120126
0.092182
0.143789
0.217009
0.116026
0.139170
0.204660
0.224919
0.155314
0.226706
0.161543
0.072123
0.100982
0.178587
0.173167
0.102762
0.150415
0.049922
0.081175
0.045736
0.071638
0.062248
0.227206
0.083454
0.084836
0.087327
0.091103
0.074160
0.094956
0.109682
0.072946
0.110646
0.156883
0.079275
0.053534
0.094200
0.097710
0.125861
0.066876
0.061654
0.084206
0.074305
0.145911
0.110878
0.060797
0.164268
0.077792
0.074219
0.062901
0.064059
0.063334
0.120059
0.156929
0.066469
0.097639
0.095438
0.103436
0.097708
0.073364
0.085982
0.113301
0.096122
0.157162
0.097262
0.095008
0.058011
0.075498
0.095660
0.084220
0.117772
0.094851
0.071426
0.176698
0.072958
0.053700
0.078661
0.076070
0.109407
0.067584
0.089387
0.130859
0.095953
0.182689
0.088661
0.071896
0.086599
0.106351
0.127044
0.068204
0.060389
0.069566
0.090846
0.221017
0.091393
0.073350
0.026937
0.063048
0.101926
0.085809
0.048564
0.059058
0.065744
0.203163
0.061018
0.100732
0.112268
0.093503
0.056240
0.055401
0.074403
0.087310
0.092123
0.192842
0.072009
0.083132
0.128629
0.069687
0.067506
0.036239
0.074855
0.113330
0.079839
0.117928
0.053536
0.042840
0.083564
0.056018
0.093057
0.101070
0.074731
0.089688
0.062518
0.215241
0.110772
0.076045
0.064216
0.123745
0.103040
0.071764
0.049024
0.073548
0.045498
0.184254
0.114117
0.086720
0.061504
0.062016
0.154836
0.117802
0.117195
0.150309
0.159823
0.291816
0.145094
0.099442
0.072218
0.107330
0.063395
0.075638
0.046370
0.113085
0.072152
0.256658
0.064243
0.094457
0.177985
0.067977
0.074279
0.119696
0.108396
0.134965
0.152151
0.245909
0.210638
0.074835
0.085032
0.088146
0.113187
0.206867
0.171052
0.155457
0.226387
0.154435
0.139083
0.060830
0.204358
0.070622
0.132266
0.213460
0.091936
0.066348
0.095884
0.233955
0.222412
0.223913
0.206014
0.134742
0.202675
0.155086
0.082100
0.072744
0.081725
