2.098994
0.084542
0.148173
0.074787
0.074012
0.114600
0.082576
0.043610
0.068668
0.082263
0.191798
0.123175
0.200007
0.254263
0.130572
0.120267
0.107368
0.067907
0.131085
0.112843
0.235430
0.084422
0.068547
0.120520
0.062132
0.076954
0.083369
0.068339
0.042362
0.059169
0.169520
0.052589
0.072776
0.071379
0.083244
0.086812
0.073599
0.140706
0.070353
0.130372
0.176161
0.070532
0.070676
0.062881
0.052862
0.063514
0.074579
0.049900
0.080846
0.013575
0.091914
0.124701
0.077994
0.072511
0.067438
0.093236
0.176334
0.063482
0.077002
0.042193
0.090290
0.048234
0.033864
0.035545
0.038429
0.062741
0.053915
0.058326
0.106271
0.018016
0.224236
0.137518
0.081092
0.185959
0.099537
0.038957
0.047048
0.270489
0.152196
0.086879
0.157401
0.061988
0.088313
0.151383
0.122380
0.105001
0.128726
0.112903
0.108210
0.119398
0.170474
0.096157
0.116906
0.032115
0.065791
0.182305
0.129115
0.132621
0.063935
0.041563
0.157539
0.057697
0.052968
0.084589
0.110818
0.109964
0.088341
0.151666
0.126925
0.072411
0.144576
0.150551
0.139612
0.133343
0.039991
0.032511
0.077010
0.089408
0.039522
0.098474
0.122087
0.100805
0.051646
0.139264
0.221479
0.306443
0.120136
0.331300
0.141325
0.115078
0.089552
0.082750
0.036130
0.060967
0.043225
0.036697
0.045399
0.035743
0.037748
0.042101
0.141294
0.061051
0.057668
0.155343
0.173788
0.085417
0.080115
0.061996
0.071297
0.067093
0.141304
0.098339
0.075512
0.082269
0.069517
0.051821
0.096501
0.104142
0.061044
0.100128
0.179131
0.113345
0.134154
0.156172
0.153794
0.100742
0.058103
0.098679
0.082293
0.066823
0.152599
0.062444
0.049741
0.165471
0.121681
0.139352
0.073848
0.080808
0.063068
0.075583
0.182179
0.047533
0.139632
0.078928
0.137353
0.064730
0.059251
0.053432
0.055513
0.054412
0.158399
0.043417
0.072317
0.150300
0.039481
0.040040
0.059321
0.070202
0.057904
0.135205
