1.958610
0.103775
0.024172
0.147282
0.099138
0.074343
0.053092
0.236324
0.094523
0.044163
0.144874
0.154605
0.109272
0.064127
0.054416
0.063860
0.237834
0.075993
0.040409
0.095375
0.167758
0.060594
0.062461
0.080345
0.040090
0.095781
0.084829
0.064772
0.070002
0.240710
0.140768
0.072437
0.046402
0.046583
0.084082
0.060969
0.177265
0.141823
0.114151
0.259136
0.173513
0.278134
0.224298
0.159843
0.287042
0.212890
0.148159
0.153451
0.250172
0.174370
0.128971
0.070568
0.139122
0.228634
0.191808
0.093405
0.200205
0.135598
0.204072
0.067859
0.167022
0.134030
0.173007
0.106325
0.190108
0.159735
0.152351
0.050616
0.048506
0.111287
0.170110
0.098667
0.077661
0.105789
0.105036
0.095843
0.134035
0.033501
0.152458
0.053453
0.220551
0.062397
0.132592
0.079724
0.176466
0.186550
0.064642
0.058242
0.042403
0.067032
0.145343
0.125486
0.085698
0.089918
0.044519
0.055500
0.041439
0.071678
0.062334
0.030056
0.090576
0.038627
0.042951
0.111250
0.109062
0.216700
0.216830
0.123751
0.148226
0.155295
0.308616
0.169235
0.141170
0.160095
0.193056
0.135023
0.138768
0.097079
0.136139
0.083888
0.144784
0.141489
0.110597
0.131661
0.128546
0.079608
0.142507
0.060050
0.117884
0.116027
0.155534
0.090776
0.055421
0.136580
0.121442
0.117202
0.177524
0.296561
0.150363
0.132224
0.177513
0.083041
0.068248
0.078527
0.116055
0.161999
0.174706
0.096087
0.068974
0.065557
0.133981
0.127226
0.101291
0.093941
0.077963
0.051853
0.081107
0.048595
0.067552
0.038391
0.151876
0.071607
0.052365
0.060670
0.053585
0.146652
0.111297
0.054401
0.056592
0.062798
0.186371
0.075885
0.061567
0.061025
0.082454
0.108716
0.063879
0.127007
0.072504
0.098099
0.174784
0.042437
0.122143
0.053426
0.037716
0.112307
0.052855
0.037571
0.083667
0.046657
0.135036
0.062505
0.119409
0.114408
0.116398
0.070313
0.085859
0.069211
0.077204
0.088154
