1.596960
0.042791
0.049619
0.085160
0.034238
0.076095
0.022418
0.050121
0.042264
0.065186
0.151981
0.072536
0.084840
0.066672
0.053304
0.051869
0.051847
0.053260
0.053800
0.042351
0.105222
0.065149
0.053672
0.067947
0.070843
0.057960
0.058635
0.054594
0.054799
0.055207
0.239813
0.065415
0.102565
0.060892
0.060021
0.042636
0.063826
0.037220
0.056238
0.048310
0.121424
0.042501
0.094761
0.043651
0.059889
0.034941
0.068474
0.074689
0.067595
0.089559
0.127357
0.044760
0.086261
0.077419
0.074712
0.046242
0.068347
0.041681
0.061193
0.043411
0.127719
0.048486
0.033811
0.062530
0.060747
0.108372
0.053469
0.114071
0.057118
0.083850
0.176158
0.046594
0.034991
0.069234
0.021845
0.078138
0.115034
0.049035
0.032974
0.067834
0.125937
0.209257
0.127559
0.191047
0.049738
0.069876
0.198625
0.055375
0.029806
0.143881
0.169379
0.056402
0.216309
0.154550
0.052791
0.061153
0.097295
0.080011
0.038260
0.161475
0.181209
0.056237
0.040859
0.076892
0.030226
0.172960
0.054540
0.098844
0.055332
0.054946
0.137816
0.055812
0.058769
0.039386
0.041931
0.045963
0.038881
0.050557
0.036211
0.056290
0.138861
0.046055
0.052648
0.048344
0.049136
0.050042
0.133030
0.042010
0.033668
0.046892
0.135845
0.312566
0.325374
0.333481
0.348674
0.333977
0.268476
0.097229
0.101157
0.122885
0.144108
0.121139
0.030580
0.147948
0.144731
0.054703
0.064101
0.167199
0.074970
0.184842
0.174563
0.063083
0.067360
0.030251
0.056259
0.055294
0.122699
0.029598
0.053368
0.032227
0.089839
0.049531
0.094069
0.038387
0.053186
0.055646
0.145777
0.070534
0.068330
0.043915
0.259569
0.151387
0.179191
0.156806
0.138568
0.158923
0.092365
0.185383
0.094134
0.086501
0.164496
0.061209
0.046081
0.046320
0.064116
0.052326
0.067981
0.063911
0.050935
0.116552
0.119854
0.068566
0.130548
0.064975
0.071386
0.098337
0.053110
0.075417
0.058894
0.070002
