1.975226
0.100019
0.046774
0.054564
0.063513
0.088238
0.048369
0.084411
0.056852
0.043648
0.137583
0.130965
0.071908
0.061552
0.069170
0.057996
0.028057
0.085817
0.088229
0.063641
0.199938
0.080942
0.059751
0.072884
0.046804
0.073130
0.052816
0.073176
0.048467
0.032273
0.106528
0.130377
0.142976
0.072237
0.065546
0.047060
0.071679
0.097699
0.077885
0.052549
0.155425
0.081758
0.064129
0.076432
0.094457
0.126258
0.138680
0.071028
0.136342
0.110038
0.171194
0.059244
0.067229
0.059803
0.068341
0.131332
0.079944
0.069933
0.051891
0.053048
0.093063
0.107957
0.048720
0.065268
0.081342
0.041523
0.118948
0.093514
0.061815
0.051322
0.231375
0.089766
0.087888
0.071603
0.104933
0.097251
0.082334
0.058867
0.066039
0.149388
0.147202
0.130164
0.147728
0.081947
0.072407
0.059742
0.092842
0.067096
0.061130
0.056383
0.113945
0.081397
0.074281
0.149383
0.070885
0.055273
0.106299
0.073266
0.053285
0.118958
0.156686
0.046227
0.082482
0.088242
0.205040
0.114681
0.052878
0.136810
0.068189
0.072371
0.142657
0.069272
0.063274
0.085570
0.115517
0.085866
0.121075
0.084381
0.113301
0.076693
0.114688
0.052098
0.055148
0.091118
0.068228
0.081605
0.127366
0.051984
0.084923
0.070710
0.188851
0.082422
0.118997
0.070040
0.070423
0.079294
0.080326
0.110014
0.041579
0.166372
0.197439
0.134108
0.108737
0.126753
0.080332
0.065383
0.126513
0.134187
0.113334
0.048649
0.215141
0.077103
0.096344
0.107079
0.093257
0.049921
0.028772
0.052368
0.092974
0.054329
0.192191
0.110900
0.042507
0.056711
0.100580
0.055638
0.058224
0.093037
0.103102
0.149448
0.170176
0.044623
0.093500
0.105722
0.021662
0.113655
0.023543
0.057260
0.054880
0.053593
0.186354
0.019345
0.065850
0.140667
0.180806
0.084230
0.064627
0.056949
0.080746
0.120955
0.157576
0.055572
0.060066
0.229103
0.135699
0.069438
0.175051
0.169734
0.136093
0.220870
