1.829420
0.198883
0.123879
0.092320
0.146554
0.115138
0.100568
0.148224
0.178923
0.129387
0.268477
0.063871
0.077683
0.061781
0.036857
0.019650
0.044914
0.012554
0.011293
0.014172
0.073660
0.015767
0.015175
0.028648
0.034997
0.019655
0.019597
0.015540
0.020252
0.013830
0.123613
0.019132
0.015804
0.028245
0.025606
0.015149
0.017895
0.026626
0.036605
0.007868
0.087599
0.020747
0.017649
0.017672
0.015936
0.021625
0.030319
0.012648
0.012206
0.017999
0.107558
0.035166
0.034008
0.021721
0.041175
0.015440
0.036669
0.024020
0.026012
0.026185
0.136910
0.037772
0.019659
0.020867
0.016514
0.018644
0.026468
0.011457
0.026527
0.020887
0.129248
0.010380
0.025319
0.027992
0.016637
0.021388
0.029533
0.027144
0.034603
0.042430
0.101838
0.019816
0.028331
0.019676
0.019091
0.022673
0.032537
0.031059
0.037040
0.023666
0.097034
0.017706
0.018971
0.045074
0.030252
0.022231
0.017220
0.017646
0.023163
0.018150
0.206015
0.035497
0.012315
0.030601
0.019679
0.020227
0.033789
0.021895
0.008932
0.016829
0.080070
0.009551
0.011446
0.016550
0.007967
0.012526
0.011865
0.010998
0.011517
0.012423
0.069750
0.036359
0.019626
0.013527
0.017539
0.017365
0.021257
0.034833
0.016299
0.013605
0.082523
0.014822
0.023147
0.025492
0.008574
0.030968
0.030069
0.017893
0.012126
0.014430
0.091261
0.017295
0.014472
0.022812
0.017951
0.021632
0.008231
0.038825
0.019478
0.050185
0.084249
0.015398
0.018431
0.017617
0.014940
0.008820
0.015807
0.015342
0.019529
0.028290
0.112413
0.029060
0.031158
0.017012
0.018089
0.013855
0.015057
0.011786
0.017788
0.024524
0.105322
0.019360
0.030633
0.041224
0.021269
0.051034
0.042364
0.042070
0.085163
0.047742
0.179645
0.012163
0.110906
0.085059
0.063727
0.138664
0.125613
0.100534
0.015928
0.020115
0.103835
0.016386
0.014853
0.060607
0.127898
0.078809
0.106940
0.070166
0.075770
0.084111
0.151418
0.053635
0.131801
0.106441
0.126987
0.059894
0.098179
0.056240
0.049376
0.171651
0.101658
0.073553
0.052266
0.076679
0.032476
0.030991
0.007629
0.010651
0.016612
0.025687
0.097078
0.010041
0.015114
0.016816
0.018323
0.019834
0.010452
0.029745
0.010885
0.012938
0.102518
0.019710
0.015558
0.016677
0.034643
0.035080
0.016606
0.010494
0.017904
0.013488
0.109814
0.026456
0.007821
0.017316
0.028782
0.034875
0.012708
0.014112
0.010005
0.009283
0.135333
0.023793
0.045423
0.021994
0.026065
0.035542
0.057638
0.022788
0.025897
0.008335
0.150685
0.022647
0.009320
0.007442
0.021896
0.040170
0.026943
0.010000
0.021233
0.021984
0.118346
0.028589
0.065962
0.037288
0.029377
0.033772
0.025218
0.015641
0.012681
0.010701
0.144706
0.012699
0.016088
0.024979
0.017244
0.011337
0.013196
0.017968
0.016380
0.018383
0.134001
0.016497
0.040367
0.034663
0.011377
0.010780
0.016548
0.012627
0.031638
0.016506
0.113407
0.007125
0.018674
0.011152
0.013950
0.010160
0.009374
0.012925
0.024446
0.022435
0.117918
0.012602
0.027481
0.008410
0.023818
0.007994
0.007167
0.023635
0.018858
0.009517
0.131856
0.010445
0.007098
0.008953
0.007630
0.007701
