1.930660
0.058839
0.074845
0.081856
0.092981
0.024254
0.061309
0.062139
0.094050
0.083398
0.224062
0.082270
0.174230
0.113358
0.099312
0.129520
0.057918
0.113111
0.049790
0.023867
0.127578
0.046993
0.069471
0.075315
0.059997
0.212941
0.123271
0.128092
0.050405
0.067343
0.093317
0.072451
0.071347
0.072713
0.065364
0.063043
0.133438
0.071348
0.063117
0.172368
0.134931
0.075672
0.157526
0.050178
0.108265
0.064360
0.054949
0.078555
0.085972
0.064664
0.154162
0.088851
0.155126
0.213288
0.143692
0.160757
0.117498
0.174384
0.079236
0.109303
0.111506
0.075396
0.067382
0.121941
0.169658
0.130578
0.240166
0.085520
0.144854
0.293592
0.306754
0.080585
0.136914
0.056765
0.058826
0.187491
0.204924
0.190659
0.103454
0.259290
0.265379
0.112716
0.168835
0.043998
0.044522
0.033458
0.107584
0.163705
0.076256
0.043457
0.119210
0.058700
0.076828
0.065852
0.091662
0.136344
0.144630
0.074669
0.098550
0.095986
0.124431
0.112155
0.124248
0.168674
0.054596
0.129832
0.146461
0.042079
0.067973
0.093038
0.113590
0.077421
0.124291
0.067083
0.178850
0.093208
0.151421
0.196024
0.177744
0.131518
0.133557
0.068243
0.047528
0.058858
0.060557
0.087798
0.111363
0.069213
0.085491
0.082744
0.133800
0.040554
0.099588
0.050764
0.049170
0.059596
0.063854
0.145732
0.117484
0.155575
0.167116
0.056608
0.083734
0.057080
0.076243
0.049483
0.048208
0.091730
0.087358
0.090453
0.174146
0.041671
0.078571
0.069809
0.073177
0.063905
0.050086
0.110888
0.081678
0.169711
0.183242
0.050847
0.062522
0.054610
0.014451
0.026248
0.041459
0.106999
0.092686
0.085640
0.183117
0.057975
0.081632
0.070385
0.057862
0.077350
0.059561
0.146018
0.155648
0.164371
0.119396
0.141487
0.138164
0.050971
0.172300
0.053914
0.071915
0.183568
0.091711
0.055643
0.204412
0.053246
0.080154
0.058483
0.059260
0.070112
0.094768
0.106079
0.072870
0.059114
0.113036
0.047962
0.047548
0.012026
0.066216
0.076945
0.072426
0.053549
0.100084
0.062251
0.151529
0.099050
0.054211
0.094125
0.137819
0.045261
0.049039
0.193614
0.059282
0.145094
0.134639
0.120200
0.202743
0.069577
0.079068
0.051405
0.046100
0.060242
0.168119
0.067720
0.127548
0.102984
0.064229
0.043655
0.075024
0.090393
0.062553
0.079630
0.051791
0.030813
0.090721
0.076608
0.058065
0.048441
0.134135
0.055230
0.104841
0.068682
0.094772
0.083510
0.119797
0.049272
0.059776
0.064772
0.071603
0.093597
0.138163
0.082966
0.050159
0.033427
0.106420
0.040879
0.062695
0.039373
0.051664
0.055289
0.061277
0.061977
0.137322
0.057251
0.110007
0.109388
0.071648
0.120751
0.057746
0.095327
0.075914
0.129168
0.097664
0.084801
0.184545
0.056375
0.084108
0.098933
0.100879
0.073525
0.094476
0.094723
0.135614
0.045998
