1.996828
0.070826
0.077628
0.170010
0.074954
0.070082
0.103593
0.205031
0.173871
0.102068
0.262867
0.128351
0.245929
0.208950
0.218632
0.177237
0.192501
0.116024
0.062402
0.079204
0.111637
0.055153
0.051972
0.198164
0.186195
0.121353
0.134767
0.108849
0.064855
0.035683
0.123294
0.121600
0.035494
0.049922
0.086432
0.154011
0.071388
0.065989
0.161512
0.227218
0.274345
0.225969
0.089848
0.279719
0.139458
0.057435
0.133268
0.037461
0.087506
0.079157
0.138642
0.073572
0.090767
0.065840
0.143436
0.078440
0.135882
0.097997
0.049168
0.048212
0.154069
0.190356
0.170754
0.071204
0.139873
0.157960
0.060687
0.078271
0.086901
0.059937
0.157480
0.078332
0.161078
0.177583
0.043262
0.058517
0.115933
0.125912
0.033475
0.030169
0.178718
0.097461
0.067348
0.143383
0.135461
0.232781
0.243984
0.116271
0.090482
0.163177
0.323202
0.054817
0.195657
0.095039
0.089388
0.098459
0.207147
0.101902
0.051578
0.083124
0.182851
0.071529
0.061149
0.117790
0.181317
0.075787
0.073292
0.092009
0.070545
0.097734
0.252334
0.055130
0.114811
0.081644
0.065252
0.183162
0.104947
0.076874
0.079099
0.165318
0.242252
0.054114
0.135593
0.075441
0.050232
0.110159
0.075973
0.065091
0.074687
0.106317
0.156944
0.079495
0.060355
0.073130
0.120773
0.089870
0.083616
0.061872
0.085063
0.137282
0.156791
0.119815
0.076795
0.068107
0.097884
0.124189
0.116999
0.039424
0.045102
0.093326
0.227659
0.086254
0.105462
0.099271
0.067913
0.082668
0.108118
0.055090
0.056580
0.049323
0.138423
0.079381
0.093183
0.061348
0.057888
0.129158
0.123566
0.069226
0.112919
0.063850
0.257269
0.154375
0.088241
0.087564
0.062250
0.050160
0.095787
0.076831
0.072564
0.056073
0.147705
0.045989
0.150739
0.073197
0.097457
0.124774
0.057946
0.051620
0.046485
0.060368
0.174153
0.067418
0.129638
0.052157
0.038404
0.037947
0.032360
0.039305
0.059815
0.039454
0.096002
0.128802
0.156938
0.165826
0.172995
0.197906
0.188913
0.176259
0.068220
0.098443
0.172725
0.047752
0.106008
0.056484
0.050769
0.103293
0.092251
0.074892
0.054003
0.061133
0.122243
0.103243
0.128899
0.104427
0.058656
0.122218
0.070384
0.100348
0.059106
0.116330
0.183213
0.076656
0.069299
0.068417
0.091719
0.073346
0.080010
0.075708
0.081237
0.129864
0.158499
0.038711
0.062583
0.058474
0.102588
0.044368
0.052955
0.121376
0.100147
0.108610
0.175164
0.061903
0.064573
0.111285
0.070392
0.101044
0.046930
0.061562
0.078406
0.084314
0.140106
0.168496
0.063389
0.068851
0.097003
0.066329
0.086374
0.073937
0.077744
0.082007
0.196060
0.070425
0.059713
0.093432
0.121285
0.065650
0.052381
0.049231
0.070541
0.089306
0.198480
0.067646
0.085182
0.089178
0.086983
0.082103
0.060308
0.054764
0.067683
0.050982
0.123704
0.095753
0.053468
0.122575
0.086663
0.052861
0.055011
0.053173
0.062618
0.070457
