1.755284
0.043202
0.049543
0.078811
0.072777
0.080168
0.094267
0.063249
0.101823
0.054957
0.133240
0.062946
0.058649
0.062562
0.061080
0.155654
0.054034
0.058691
0.062709
0.095018
0.144919
0.084519
0.107442
0.058561
0.104228
0.071867
0.022711
0.100501
0.068350
0.042477
0.182564
0.057770
0.060040
0.045645
0.054944
0.113231
0.069323
0.154452
0.116004
0.069009
0.210738
0.047180
0.052110
0.066031
0.162890
0.069948
0.079600
0.079897
0.077918
0.048738
0.131809
0.046908
0.049558
0.035944
0.041242
0.045223
0.075523
0.053293
0.096255
0.079998
0.149398
0.042565
0.048182
0.212858
0.177913
0.165143
0.097729
0.249250
0.176894
0.109800
0.219485
0.057336
0.044450
0.107254
0.115158
0.105179
0.071347
0.062171
0.078522
0.111420
0.186376
0.120428
0.051666
0.100512
0.085614
0.087363
0.085174
0.048238
0.091525
0.104495
0.170702
0.053305
0.149401
0.066255
0.106097
0.057853
0.134067
0.063554
0.129164
0.113718
0.280997
0.076921
0.113901
0.086099
0.096045
0.086025
0.156329
0.071235
0.077966
0.114166
0.194851
0.130488
0.152592
0.089668
0.106784
0.158968
0.118437
0.073198
0.098926
0.109564
0.242015
0.061553
0.086833
0.068661
0.138958
0.076113
0.089485
0.132400
0.091420
0.067652
0.144207
0.062490
0.069551
0.137016
0.050641
0.089267
0.066509
0.056595
0.043939
0.105800
0.190038
0.098641
0.132924
0.053783
0.066085
0.072612
0.074532
0.088975
0.075057
0.076117
0.183964
0.055606
0.061424
0.085744
0.039752
0.057148
0.051108
0.088115
0.113084
0.057641
0.205233
0.100992
0.124281
0.051261
0.093372
0.070149
0.054222
0.116330
0.083440
0.101860
0.145366
0.104182
0.047729
0.064064
0.045048
0.109980
0.075457
0.167520
0.049543
0.071518
0.166239
0.163697
0.250174
0.235444
0.194566
0.187876
0.213800
0.064445
0.035195
0.075066
0.123569
0.066989
0.117401
0.107422
0.107306
0.100970
0.068254
0.061903
0.070856
0.108980
0.129684
0.062556
0.092766
0.089661
0.063797
0.110989
0.146013
0.074909
0.081314
0.136772
0.159792
0.071767
0.173576
0.058102
0.100086
0.079353
0.142138
0.077656
0.077243
0.072920
0.153019
0.056107
0.049033
0.123598
0.045938
0.104296
0.119454
0.065103
0.055732
0.065746
0.150422
0.062129
0.086953
0.124972
0.148363
0.062623
0.059892
0.060891
0.083673
0.059163
0.155089
0.191337
0.090657
0.110736
0.111584
0.129487
0.069093
0.156834
0.089267
0.089384
0.219916
0.067272
0.052384
0.071681
0.068742
0.104871
0.062923
0.098395
0.079114
0.072492
0.150097
0.207024
0.208666
0.242198
0.170030
0.200667
0.098835
0.066332
0.075183
0.120818
0.100416
0.097435
0.065229
0.062751
0.052012
0.079218
0.066724
0.121785
0.065939
0.064249
0.211840
0.087013
0.075741
0.097448
0.080094
0.141125
0.078146
0.103189
0.073255
0.068412
0.161954
0.081988
0.043280
0.047828
0.051031
0.107723
0.118310
0.054875
0.096726
0.058895
0.148902
0.201841
0.220926
0.170472
0.152843
0.170156
0.191502
0.092553
0.050402
0.079568
0.098970
0.042411
0.033098
0.041500
0.056486
0.069384
0.055902
0.076449
0.090348
0.063443
0.159901
0.053964
0.064801
0.053962
0.112567
