2.217692
0.052666
0.073060
0.066628
0.097046
0.067859
0.066346
0.079551
0.109819
0.113960
0.117385
0.073754
0.056479
0.061259
0.056317
0.060735
0.055273
0.062292
0.062169
0.102306
0.161712
0.080316
0.108121
0.083830
0.081619
0.061245
0.076518
0.040750
0.073304
0.062895
0.164064
0.127671
0.059283
0.096652
0.080174
0.078812
0.065998
0.151333
0.072925
0.082036
0.147842
0.050951
0.078797
0.085135
0.088100
0.170815
0.106143
0.075238
0.081974
0.078299
0.133723
0.147054
0.058872
0.060707
0.059651
0.065075
0.081361
0.052586
0.154101
0.098076
0.232954
0.063355
0.055951
0.104058
0.110002
0.078026
0.117761
0.137815
0.166273
0.070849
0.148281
0.086919
0.075293
0.083329
0.053552
0.122459
0.029434
0.060223
0.128755
0.074314
0.157226
0.079246
0.063080
0.077500
0.116778
0.074360
0.046859
0.056592
0.060957
0.047039
0.159301
0.113329
0.062847
0.085117
0.067088
0.079189
0.053073
0.072560
0.127573
0.058733
0.141415
0.049472
0.056156
0.047639
0.045819
0.050973
0.062416
0.118195
0.080399
0.070325
0.114323
0.122692
0.073644
0.082967
0.154269
0.190447
0.144398
0.098013
0.166525
0.083712
0.284110
0.085932
0.079489
0.082944
0.106001
0.072523
0.154645
0.084096
0.090106
0.068954
0.163724
0.062773
0.071960
0.115852
0.081486
0.047151
0.124455
0.079068
0.078341
0.097906
0.130978
0.103194
0.098267
0.074404
0.068576
0.078250
0.055903
0.079604
0.154512
0.070460
0.126225
0.068167
0.065812
0.083002
0.063749
0.094118
0.053108
0.122641
0.079016
0.064412
0.176063
0.105955
0.113292
0.066927
0.136485
0.069352
0.095241
0.047138
0.095430
0.076482
0.193231
0.052126
0.102796
0.047789
0.153748
0.066387
0.096240
0.083677
0.078528
0.067554
0.170144
0.058576
0.073888
0.096705
0.092015
0.053438
0.080599
0.058866
0.077049
0.128145
0.177051
0.063743
0.160675
0.080219
0.142320
0.072036
0.079047
0.083371
0.108075
0.095088
0.185967
0.107977
0.110820
0.187991
0.049194
0.107171
0.116161
0.054125
0.058153
0.061700
0.125231
0.135177
0.072051
0.067602
0.036292
0.048708
0.120944
0.044459
0.074827
0.080298
0.143024
0.092820
0.090121
0.052391
0.062069
0.141088
0.086097
0.130242
0.148143
0.055577
0.216988
0.063721
0.127992
0.067293
0.073226
0.086418
0.062139
0.073796
0.116533
0.050324
0.148024
0.070029
0.065691
0.136862
0.079423
0.063020
0.053526
0.050824
0.106843
0.073400
0.253309
0.077287
0.119359
0.072967
0.117432
0.075557
0.058598
0.133203
0.063732
0.122388
0.195121
0.077826
0.069345
0.121465
0.193551
0.087935
0.067252
0.099056
0.056273
0.131590
0.306256
0.050277
0.048336
0.050601
0.057635
0.098953
0.055952
0.045312
0.107381
0.138584
0.129719
0.113501
0.100244
0.051660
0.116494
0.110727
0.062137
0.119197
0.052151
0.060125
0.250297
0.065681
0.106400
0.102764
0.038717
0.056503
0.046064
0.058628
0.071628
0.077607
