1.612206
0.024805
0.036495
0.055333
0.037150
0.055947
0.055803
0.045552
0.032990
0.075218
0.093143
0.045612
0.047501
0.038344
0.054919
0.050218
0.049604
0.041981
0.113787
0.113290
0.238909
0.154780
0.160913
0.180566
0.098685
0.069893
0.034680
0.028321
0.040026
0.045111
0.131548
0.047815
0.035553
0.079590
0.076094
0.038191
0.055040
0.039466
0.056736
0.055697
0.112040
0.037251
0.063429
0.050614
0.032684
0.039954
0.040513
0.033675
0.061320
0.069594
0.101072
0.081882
0.037751
0.052998
0.034669
0.072404
0.037786
0.038088
0.057990
0.040850
0.116225
0.050196
0.044745
0.041791
0.068987
0.054287
0.118167
0.067891
0.074333
0.054579
0.146919
0.067109
0.076143
0.064917
0.045460
0.075007
0.059520
0.038688
0.130923
0.064905
0.107882
0.097539
0.074469
0.083526
0.055301
0.050012
0.105949
0.051900
0.062479
0.054335
0.133610
0.048603
0.100627
0.088866
0.031871
0.027747
0.069591
0.041845
0.064795
0.037715
0.105456
0.035406
0.063715
0.072315
0.060892
0.057248
0.031529
0.056947
0.047329
0.038090
0.230404
0.047126
0.065459
0.050280
0.143825
0.069371
0.056404
0.152776
0.046827
0.035397
0.137214
0.099777
0.098138
0.057163
0.070057
0.052159
0.156388
0.052827
0.072292
0.070042
0.147748
0.076174
0.040889
0.136344
0.053363
0.035632
0.038515
0.066346
0.050456
0.089695
0.091505
0.032043
0.083440
0.049313
0.072061
0.058635
0.058167
0.089642
0.048756
0.033578
0.137139
0.108252
0.052552
0.071103
0.162808
0.119328
0.133314
0.117088
0.129435
0.125471
0.203999
0.147051
0.045935
0.113561
0.049169
0.093469
0.091321
0.088898
0.087551
0.079702
0.178262
0.072747
0.075058
0.076360
0.123425
0.120581
0.048930
0.085389
0.071285
0.166100
0.190104
0.086564
0.075474
0.110111
0.057059
0.098505
0.084516
0.060977
0.027533
0.059043
0.124290
0.110145
0.069976
0.100749
0.080713
0.035586
0.047343
0.124181
0.029902
0.083729
0.152453
0.070019
0.071301
0.100427
0.124732
0.053646
0.093321
0.099946
0.077553
0.097635
0.169101
0.044694
0.129908
0.056188
0.047245
0.090369
0.158931
0.082838
0.115104
0.094870
0.189887
0.059400
0.037421
0.083493
0.071325
0.091934
0.033220
0.060227
0.094618
0.033347
0.135308
0.114097
0.049059
0.069485
0.058474
0.050020
0.057647
0.077599
0.045305
0.043029
0.149294
0.089841
0.055962
0.067078
0.079041
0.106296
0.061051
0.056802
0.094111
0.097033
0.190841
0.070860
0.050416
0.053005
0.097170
0.049679
0.101193
0.110456
0.123984
0.129740
0.212413
0.080863
0.115757
0.083414
0.071243
0.108041
0.078753
0.087327
0.070279
0.073249
0.221230
0.069173
0.035565
0.071924
0.081639
0.123210
0.042866
0.061475
0.033757
0.096437
0.146135
0.089777
0.103583
0.139570
0.080492
0.065307
0.059476
0.104129
0.111500
0.078080
0.164365
0.068135
0.063502
0.067940
0.077003
0.106278
0.074146
0.059233
0.072467
0.146155
0.078723
0.117924
0.099211
0.039859
0.065747
0.115208
0.077957
0.052877
0.114343
0.115330
0.191905
0.027128
0.097979
0.079029
0.061940
0.088611
0.130502
0.031960
0.075266
0.122297
0.137333
0.050378
0.042226
0.145045
0.090387
0.083764
0.134584
0.103046
0.050166
0.073594
0.164482
0.081777
0.063058
0.057955
0.061006
0.121623
0.051894
0.156714
0.086328
0.087265
0.141228
0.063498
0.091117
0.088919
0.034519
0.113389
0.071183
0.066533
0.091955
0.146731
0.152513
0.073600
0.060091
0.162055
0.055498
0.127293
0.054684
0.061571
0.146416
0.045332
0.150062
0.053724
0.069003
0.073582
0.052020
0.053132
0.080759
0.064692
0.043964
0.056486
0.132191
0.056025
0.253289
0.163294
0.222014
0.203648
0.065326
0.036976
0.034954
0.109582
0.125646
0.083415
0.051999
0.050518
0.051749
0.132312
0.038383
0.115797
0.051398
0.039178
0.144902
0.044825
0.056284
0.099178
0.058658
0.074470
0.056587
0.086709
0.090524
0.049305
0.105829
0.056902
0.080611
0.055696
0.045853
0.076099
0.076973
0.062215
0.060347
0.072193
0.121680
0.057034
0.050854
0.070162
0.050290
0.034113
0.070199
0.078773
0.104288
0.074829
0.078271
0.085419
0.060991
0.068887
0.114507
0.042943
0.042738
0.050277
0.048912
0.054705
0.127931
0.061352
0.056424
0.089034
0.065885
0.066307
0.040328
0.107020
0.053641
0.061175
0.222875
0.102893
0.046173
0.096174
0.047415
0.049899
0.072239
0.100187
0.053410
0.088934
0.150608
0.041985
0.034050
0.034549
0.066562
0.060711
0.054840
0.093001
0.043142
0.053963
0.154508
0.052677
0.064579
0.064223
0.083204
0.023587
0.088851
0.072742
0.067943
0.092994
0.094867
0.044811
0.079686
0.046689
0.065925
0.067215
0.125407
0.107203
0.054938
0.055606
0.182071
0.053642
0.053536
0.141756
0.050503
0.048548
0.050225
0.056425
0.055852
0.050062
0.167208
0.040512
0.062614
0.053346
0.055304
0.050912
0.089326
0.042717
0.073111
0.054709
