2.114948
0.077293
0.189845
0.100389
0.104005
0.115242
0.144929
0.120624
0.152316
0.129871
0.235586
0.098014
0.094385
0.097185
0.093590
0.145327
0.119572
0.117174
0.100972
0.205162
0.211892
0.154764
0.131413
0.054805
0.053077
0.070215
0.227517
0.068913
0.095661
0.205453
0.279510
0.164737
0.083182
0.074474
0.074001
0.090850
0.058882
0.100221
0.095280
0.084148
0.221782
0.109164
0.075938
0.109265
0.209397
0.149879
0.091475
0.094226
0.121908
0.169652
0.178011
0.155978
0.063026
0.122415
0.094410
0.117013
0.124606
0.080936
0.130567
0.083065
0.179708
0.099907
0.103874
0.110071
0.106312
0.111474
0.099806
0.082192
0.095340
0.063574
0.164814
0.091073
0.103164
0.091316
0.071368
0.068431
0.123910
0.095007
0.149688
0.133929
0.212144
0.093843
0.140368
0.132750
0.077597
0.062137
0.111733
0.113489
0.083242
0.138056
0.205033
0.079573
0.092264
0.128364
0.100207
0.074620
0.097281
0.095931
0.076220
0.085652
0.160418
0.070655
0.199668
0.222595
0.105739
0.222543
0.230060
0.159382
0.112362
0.105770
0.220085
0.098944
0.116465
0.097046
0.083577
0.136252
0.108128
0.129292
0.094144
0.121533
0.189021
0.135485
0.166119
0.090988
0.098092
0.096559
0.080963
0.085320
0.118583
0.136942
0.230420
0.089937
0.090775
0.228673
0.202593
0.243331
0.187221
0.173101
0.180350
0.125549
0.214720
0.101882
0.095869
0.141506
0.117903
0.105976
0.143267
0.156907
0.128510
0.092705
0.154648
0.102998
0.087298
0.090039
0.091704
0.088642
0.146757
0.142761
0.139739
0.123135
0.226800
0.176683
0.085336
0.173439
0.155223
0.108001
0.109029
0.101226
0.124911
0.119626
0.168650
0.194530
0.115463
0.095279
0.157982
0.105290
0.101154
0.099122
0.102128
0.092138
0.203024
0.210987
0.095251
0.080208
0.173250
0.110883
0.082936
0.085401
0.113274
0.219719
0.190843
0.114114
0.132591
0.115984
0.130944
0.127096
0.095180
0.209898
0.135889
0.107370
0.181249
0.136228
0.114520
0.086038
0.181025
0.105739
0.152494
0.151029
0.233833
0.099215
0.170586
0.143441
0.156602
0.095927
0.238550
0.144036
0.202794
0.159556
0.097265
0.096575
0.259693
0.075930
0.080045
0.099057
0.156741
0.093688
0.118022
0.094292
0.177955
0.104896
0.167480
0.244563
0.100421
0.107504
0.063524
0.109301
0.174592
0.099212
0.173174
0.137394
0.211608
0.089913
0.099215
0.204254
0.132809
0.129517
0.089350
0.074471
0.165352
0.156082
0.292871
0.204675
0.205809
0.224826
0.106153
0.097191
0.131233
0.062450
0.100405
0.107625
0.205401
0.114386
0.146557
0.093760
0.158010
0.086262
0.149758
0.092261
0.070788
0.216931
0.366907
0.209179
0.258420
0.148511
0.142050
0.113397
0.138585
0.118863
0.090777
0.124171
0.201709
0.106218
0.152994
0.140921
0.128445
0.266080
0.134391
0.170348
0.152939
0.218174
0.367131
0.155996
0.142829
0.148393
0.156603
0.132105
0.100096
0.141368
0.131186
0.107889
