1.571947
0.112236
0.050104
0.116034
0.082201
0.068261
0.048100
0.023040
0.037856
0.055525
0.131389
0.021393
0.025594
0.055101
0.049658
0.032159
0.119487
0.053850
0.060725
0.025791
0.121689
0.031286
0.083683
0.044443
0.041534
0.033748
0.037147
0.074348
0.046082
0.067537
0.159709
0.034595
0.050279
0.041942
0.043920
0.039750
0.035644
0.028017
0.079826
0.031705
0.103047
0.029945
0.050311
0.042977
0.035655
0.166456
0.148446
0.141946
0.154491
0.199807
0.246903
0.093547
0.056526
0.050820
0.044858
0.058153
0.033453
0.045246
0.044713
0.045143
0.112425
0.023757
0.042925
0.059638
0.040590
0.082715
0.059681
0.045757
0.043375
0.032260
0.099589
0.046265
0.050551
0.161341
0.117574
0.170038
0.160799
0.156748
0.102786
0.156181
0.113263
0.021649
0.059274
0.045623
0.033986
0.032585
0.029384
0.035692
0.066922
0.110941
0.105398
0.051860
0.033479
0.054212
0.034304
0.049715
0.037454
0.052990
0.061519
0.039365
0.098351
0.032265
0.033907
0.096308
0.063721
0.082083
0.055722
0.052355
0.059963
0.058024
0.118508
0.049711
0.032838
0.039477
0.114400
0.081554
0.059857
0.031237
0.031306
0.034076
0.074735
0.057210
0.079316
0.048924
0.065902
0.126804
0.050517
0.050946
0.062317
0.045544
0.078144
0.045292
0.045510
0.037528
0.025423
0.049898
0.067200
0.057633
0.049142
0.045383
0.168196
0.048537
0.051419
0.043910
0.048528
0.053639
0.027753
0.054821
0.056802
0.083580
0.110830
0.028896
0.058299
0.108313
0.085293
0.039122
0.048252
0.074027
0.070387
0.096523
0.153756
0.049857
0.057126
0.062605
0.048901
0.047700
0.097624
0.050757
0.050753
0.052345
0.147708
0.061111
0.064599
0.053640
0.040171
0.041871
0.042428
0.101681
0.095893
0.053556
0.161304
0.035448
0.037547
0.044734
0.049893
0.041430
0.026407
0.041867
0.074349
0.057442
0.131805
0.100931
0.024084
0.041897
0.081116
0.044731
0.034892
0.023016
0.024963
0.032224
0.102335
0.040637
0.051479
0.047993
0.044280
0.075643
0.059148
0.055408
0.049906
0.109216
0.131853
0.072207
0.057410
0.070380
0.062046
0.063723
0.054532
0.038948
0.051506
0.053656
0.126804
0.065075
0.056908
0.042460
0.050331
0.078741
0.028297
0.056792
0.043375
0.059950
0.107302
0.066084
0.081517
0.055268
0.051428
0.077446
0.042697
0.060837
0.042802
0.105140
0.075216
0.027865
0.030330
0.025805
0.040787
0.039407
0.026438
0.036593
0.039871
0.035228
