2.007052
0.103595
0.074568
0.071121
0.106182
0.063665
0.072815
0.070951
0.058177
0.071696
0.164891
0.119900
0.066826
0.095457
0.089932
0.069671
0.070527
0.051412
0.069791
0.132087
0.165977
0.076509
0.058190
0.067447
0.140980
0.066289
0.093572
0.094333
0.039991
0.060700
0.247976
0.101041
0.216975
0.136205
0.139580
0.211704
0.147607
0.074939
0.081056
0.094651
0.157875
0.074426
0.096287
0.102347
0.070714
0.046255
0.094968
0.129342
0.078107
0.064658
0.140195
0.113694
0.063511
0.101914
0.045169
0.098102
0.132024
0.092560
0.097332
0.108974
0.172550
0.108778
0.091655
0.076365
0.065503
0.101165
0.072838
0.178887
0.102246
0.095954
0.179585
0.067835
0.071777
0.102452
0.091335
0.090210
0.068662
0.113581
0.056092
0.114964
0.122195
0.068003
0.076468
0.120640
0.099967
0.063387
0.130934
0.081571
0.086523
0.083627
0.163537
0.082923
0.096550
0.116580
0.082265
0.236423
0.130534
0.090463
0.104639
0.076598
0.223426
0.048013
0.097579
0.096383
0.079609
0.124888
0.073390
0.093615
0.111195
0.061072
0.155600
0.064184
0.080425
0.107744
0.119059
0.062414
0.107447
0.034285
0.042358
0.058458
0.167561
0.116904
0.121798
0.089968
0.070401
0.060381
0.088424
0.056444
0.113395
0.123433
0.169653
0.065253
0.079354
0.066322
0.116476
0.069285
0.145797
0.093585
0.087542
0.116649
0.174657
0.067524
0.070341
0.137110
0.095391
0.068164
0.060560
0.127955
0.114789
0.094667
0.282008
0.085547
0.071609
0.071939
0.066358
0.078119
0.070921
0.068809
0.068300
0.065467
0.217757
0.059729
0.085495
0.041800
0.099478
0.106282
0.079494
0.206865
0.081208
0.268712
0.368117
0.300554
0.106000
0.175414
0.151209
0.043421
0.121480
0.082822
0.056423
0.128995
