1.905716
0.103730
0.182873
0.069537
0.061259
0.092855
0.068763
0.091160
0.099269
0.081733
0.228019
0.079360
0.116840
0.076717
0.063490
0.109342
0.069044
0.087566
0.110036
0.098971
0.121142
0.099493
0.073930
0.105869
0.064552
0.052104
0.063944
0.061828
0.080508
0.083504
0.211406
0.069986
0.054582
0.068034
0.065370
0.065765
0.041204
0.043399
0.042156
0.038765
0.205189
0.054301
0.052984
0.125592
0.044108
0.072187
0.103863
0.079013
0.095981
0.072493
0.128510
0.060173
0.054317
0.065835
0.081920
0.103460
0.178346
0.048315
0.034305
0.065719
0.128940
0.073760
0.083551
0.061821
0.045789
0.078238
0.182988
0.057609
0.047091
0.072415
0.195972
0.079455
0.066736
0.100772
0.103294
0.065433
0.089220
0.099557
0.124993
0.080911
0.138287
0.088658
0.147473
0.069688
0.058325
0.078567
0.056749
0.036983
0.085757
0.073240
0.140459
0.084362
0.085540
0.069704
0.057367
0.070204
0.081997
0.096911
0.062763
0.147790
0.174164
0.085963
0.046613
0.065499
0.107693
0.054595
0.053333
0.081568
0.060738
0.061347
0.175659
0.033543
0.047826
0.049984
0.053895
0.048379
0.061363
0.053147
0.059213
0.044473
0.136930
0.035310
0.038208
0.069909
0.126965
0.198828
0.205504
0.233430
0.147754
0.185065
0.140863
0.087656
0.046113
0.084996
0.263967
0.219147
0.209706
0.213523
0.192124
0.086590
0.158113
0.052851
0.033232
0.053930
0.052070
0.058768
0.066639
0.125246
0.101676
0.047235
0.167438
0.045240
0.071762
0.071834
0.080272
0.091284
0.092592
0.024616
0.052881
0.037984
0.142587
0.138598
0.041366
0.040869
0.068217
0.025562
0.038426
0.027248
0.060367
0.059156
0.140969
0.054137
0.105639
0.112721
0.033243
0.049010
0.095710
0.126927
0.052395
0.060199
0.192286
0.052292
0.045601
0.080612
0.111388
0.079069
0.078503
0.106489
0.112541
0.080731
0.173381
0.108748
0.063291
0.092189
0.125534
0.042279
0.100322
0.070556
0.141654
0.049372
0.159660
0.079576
0.066303
0.049007
0.071014
0.050330
0.035692
0.062786
0.056150
0.054269
0.100467
0.087292
0.099427
0.053631
0.066787
0.061732
0.068185
0.127029
0.072871
0.071814
0.144722
0.064039
0.107872
0.042469
0.071059
0.094613
0.086746
0.107329
0.102247
0.045580
0.224843
0.062452
0.032537
0.056139
0.089485
0.048555
0.063163
0.116121
0.145345
0.126107
0.129615
0.111197
0.078930
0.076329
0.062208
0.070219
0.064013
0.057786
0.072965
0.142008
0.187093
0.071894
0.086164
0.053616
0.152774
0.064147
0.067640
0.060280
0.048983
0.076533
0.177974
0.113163
0.071004
0.051981
0.076525
0.064441
0.061593
0.087293
0.071970
0.071570
0.137522
0.059918
0.091920
0.078123
0.092443
0.068706
0.058309
0.063390
0.056643
0.218578
0.132174
0.054069
0.077372
0.086261
0.215073
0.068946
0.064700
0.110864
0.057319
0.127692
0.205133
0.120972
0.091418
0.135668
0.075861
0.058414
0.060465
0.056596
0.049664
0.039089
0.167827
0.090747
0.067137
0.065270
0.050113
0.179433
0.063468
0.053199
0.061737
0.043257
0.133620
0.048791
0.071043
0.062876
0.078325
0.067518
0.066807
0.075120
0.119396
0.086660
0.095862
0.046469
0.117196
0.055230
0.067105
0.068939
0.107691
0.062201
0.071591
0.156921
0.138603
0.131044
0.058342
0.077772
0.104981
0.104839
0.190377
0.109589
0.119339
0.090536
0.113518
0.103862
0.041900
0.046174
0.057907
0.058560
0.029205
0.031767
0.054252
0.053733
0.085557
0.131831
0.155520
0.033587
0.030572
0.057580
0.097169
0.069086
