2.248969
0.061998
0.086686
0.056968
0.060195
0.087647
0.080342
0.105005
0.061728
0.078871
0.175068
0.063260
0.071338
0.104068
0.116927
0.083616
0.054961
0.069336
0.058943
0.082333
0.100765
0.071123
0.057865
0.054954
0.066360
0.086312
0.057519
0.071349
0.124343
0.087879
0.183699
0.079046
0.074562
0.038492
0.094553
0.046430
0.091576
0.054587
0.085950
0.083701
0.160846
0.064928
0.058733
0.030621
0.028764
0.064514
0.092559
0.040696
0.050362
0.083282
0.125119
0.045697
0.037635
0.039812
0.111505
0.069796
0.066205
0.040237
0.067954
0.080014
0.180804
0.043767
0.074549
0.070386
0.082792
0.069768
0.070731
0.097210
0.045487
0.098542
0.180211
0.129899
0.058270
0.075774
0.077546
0.077881
0.078518
0.034582
0.131435
0.076648
0.136603
0.059250
0.072773
0.049533
0.055730
0.049132
0.094676
0.049281
0.098094
0.071185
0.138613
0.051870
0.037950
0.037749
0.023888
0.045567
0.050406
0.064620
0.170794
0.035546
0.125540
0.057727
0.047995
0.072717
0.072791
0.053947
0.069684
0.049020
0.132504
0.055514
0.212371
0.073038
0.084506
0.064950
0.076895
0.063153
0.064005
0.122707
0.047574
0.063765
0.134878
0.067969
0.045979
0.041851
0.067981
0.089500
0.051392
0.047283
0.070780
0.096579
0.165099
0.047819
0.044568
0.063760
0.065490
0.093349
0.046953
0.077066
0.102036
0.106908
0.200454
0.113300
0.047295
0.065202
0.068537
0.046029
0.046494
0.057969
0.062309
0.076871
0.214989
0.059126
0.092323
0.078223
0.109304
0.080902
0.055864
0.050406
0.047321
0.060318
0.145566
0.046875
0.043618
0.101350
0.060495
0.121613
0.071128
0.059155
0.079380
0.063031
0.173595
0.059207
0.069567
0.058956
0.134774
0.054701
0.076015
0.047934
0.066272
0.064349
0.152902
0.062659
0.087639
0.055113
0.064754
0.072447
0.076417
0.046303
0.109607
0.056106
0.124433
0.068734
0.041979
0.068213
0.047185
0.075303
0.078198
0.070696
0.075463
0.084827
0.149239
0.140253
0.201237
0.063438
0.144102
0.100983
0.209504
0.060355
0.084198
0.256143
0.209161
0.258088
0.304694
0.274728
0.168829
0.101515
0.143652
0.141526
0.063114
0.071785
0.162900
0.095265
0.075054
0.057608
0.153774
0.093210
0.105379
0.045211
0.078315
0.057770
0.210723
0.056067
0.073721
0.064242
0.046730
0.060287
0.073743
0.217885
0.134250
0.095531
0.274502
0.165799
0.095885
0.077817
0.215322
0.126316
0.085199
0.054882
0.051553
0.041052
0.163906
0.047875
0.053469
0.068967
0.070181
0.069850
0.060467
0.083206
0.085415
0.075124
0.120920
0.120275
0.077695
0.071585
0.089102
0.115915
0.194845
0.077499
0.083982
0.091791
0.190098
0.073261
0.109687
0.128087
0.082430
0.071290
0.075965
0.048539
0.054243
0.074952
0.212167
0.091213
0.059983
0.053630
0.091534
0.090198
0.125006
0.123328
0.068102
0.108628
0.274436
0.103028
0.080177
0.103947
0.210143
0.044284
0.051433
0.093634
0.077785
0.068356
