1.039257
0.022774
0.020657
0.022286
0.022040
0.021521
0.020832
0.020487
0.019372
0.020507
0.069247
0.019312
0.020422
0.021330
0.023927
0.023922
0.021989
0.020766
0.020844
0.019363
0.065559
0.019572
0.019788
0.019037
0.020142
0.021406
0.021672
0.022005
0.019126
0.019791
0.067217
0.020679
0.020438
0.020349
0.020472
0.024506
0.027679
0.020092
0.019976
0.019003
0.065760
0.018965
0.019709
0.020858
0.020067
0.019612
0.028915
0.018334
0.018509
0.018978
0.064625
0.020410
0.019298
0.021238
0.021513
0.021367
0.020143
0.019029
0.019317
0.020568
0.067174
0.019370
0.021270
0.020190
0.021002
0.019514
0.018813
0.018339
0.020409
0.020341
0.065143
0.021697
0.021773
0.021942
0.021858
0.020457
0.018653
0.018622
0.025839
0.019192
0.073808
0.019398
0.019029
0.020536
0.020626
0.020388
0.019006
0.019481
0.020716
0.020351
0.067330
0.020574
0.020844
0.020444
0.020808
0.020692
0.020172
0.020976
0.018908
0.019665
0.066864
0.018816
0.018705
0.020398
0.021423
0.021695
0.020555
0.019050
0.020167
0.020213
0.067070
0.018729
0.021080
0.020988
0.021322
0.019080
0.019549
0.021214
0.021012
0.021104
0.065836
0.024793
0.021101
0.019970
0.019051
0.019331
0.023798
0.020658
0.020952
0.022352
0.071379
0.020616
0.021384
0.020827
0.018456
0.018894
0.021558
0.020200
0.066330
0.019279
0.081299
0.019072
0.020354
0.020029
0.020331
0.020856
0.020678
0.064800
0.021412
0.021557
0.068460
0.020527
0.021108
0.019520
0.019506
0.020002
0.021721
0.022178
0.021686
0.022099
0.086315
0.089616
0.020281
0.021179
0.070026
0.071827
0.067051
0.023089
0.037142
0.024790
0.067649
0.022449
0.034005
0.021358
0.068738
0.022813
0.069060
0.024565
0.022603
0.068970
0.070502
0.022497
0.022615
0.022408
0.032501
0.022638
0.073862
0.020541
0.019749
0.020360
0.070672
0.023053
0.039729
0.024021
0.024270
0.022602
0.019549
0.069455
0.023820
0.022519
