1.708497
0.095196
0.095601
0.175000
0.090399
0.102114
0.155304
0.091103
0.088488
0.100814
0.173418
0.117762
0.118448
0.144661
0.130993
0.158826
0.128054
0.229507
0.103348
0.168784
0.217117
0.131032
0.198527
0.109226
0.126322
0.096564
0.123675
0.183102
0.131255
0.187392
0.186210
0.146461
0.157729
0.130525
0.223401
0.119802
0.116354
0.139099
0.124236
0.138811
0.213976
0.138344
0.136672
0.135173
0.163619
0.085333
0.143165
0.207349
0.131351
0.177675
0.328036
0.113830
0.175113
0.128520
0.180693
0.117310
0.131139
0.180068
0.133450
0.158948
0.214640
0.187233
0.207699
0.126158
0.144260
0.191633
0.173746
0.249598
0.237213
0.157930
0.231811
0.189736
0.164562
0.129313
0.121126
0.113530
0.203610
0.120644
0.203597
0.161497
0.337724
0.185032
0.134831
0.207782
0.118245
0.189921
0.158172
0.117091
0.146372
0.105256
0.233593
0.183769
0.146606
0.116466
0.116479
0.142912
0.106212
0.207261
0.209343
0.125106
0.183612
0.130730
0.142620
0.207946
0.104873
0.117381
0.104935
0.140398
0.111551
0.223037
0.216365
0.161335
0.154336
0.124125
0.181773
0.182579
0.131662
0.248224
0.142763
0.104416
0.297791
0.125291
0.334813
0.186842
0.130165
0.175904
0.145173
0.138152
0.091025
0.144745
0.186421
0.252408
0.296023
0.160606
0.116926
0.104386
0.104649
0.115877
0.100832
0.106961
0.208950
0.148700
0.186001
0.179129
0.111829
0.127512
0.149829
0.156893
0.089911
0.124964
0.175443
0.134389
0.107484
0.101980
0.139800
0.136501
0.129905
0.164745
0.116969
0.130796
0.211334
0.088126
0.115741
0.097840
0.175167
0.161721
0.171909
0.156037
0.208325
0.149833
0.235320
0.130362
0.160935
0.150129
0.136226
0.188215
0.159500
0.153037
0.166845
0.102236
0.260470
0.167561
0.261271
0.228211
0.141444
0.131101
0.176375
0.145571
0.120077
0.134231
0.183149
0.107888
0.140178
0.099818
0.123572
0.142175
0.123492
0.113135
0.177419
0.205330
0.293674
0.140580
0.113878
0.160007
0.203778
0.170081
0.120606
0.209275
0.116256
0.127344
0.281982
0.123343
0.135789
0.129937
0.205739
0.117361
0.159267
0.114284
0.106184
0.100811
0.152334
0.108221
0.117991
0.138453
0.161476
0.087650
0.114278
0.110950
0.162768
0.123714
0.195652
0.144469
0.116007
0.129807
0.153877
0.098330
0.116003
0.211974
0.105419
0.200827
0.337265
0.119309
0.134006
0.183389
0.077260
0.119316
0.120750
0.108873
0.103915
0.107370
0.178494
0.094028
0.110626
0.101549
0.098170
0.134777
0.099308
0.102043
0.172446
0.140749
0.224985
0.150030
0.104066
0.105270
0.133103
0.113494
0.123166
0.110354
0.158600
0.151812
0.194978
0.096428
0.126550
0.100771
0.120319
0.169421
0.123258
0.149152
0.127735
0.205134
0.150604
0.110228
0.105633
0.139809
0.095957
0.070858
0.159390
0.105888
0.110895
0.092872
0.182528
0.118811
0.083398
0.087698
0.098121
0.122874
0.117350
0.081563
0.138736
0.114195
