2.822289
0.142307
0.061331
0.069515
0.088943
0.097192
0.047406
0.068882
0.073054
0.073291
0.158386
0.113845
0.051219
0.062536
0.078182
0.058852
0.044318
0.072203
0.133720
0.063534
0.172120
0.080610
0.069888
0.168599
0.172442
0.153254
0.191572
0.168559
0.124269
0.141350
0.175816
0.060112
0.069186
0.094299
0.034658
0.062358
0.052267
0.099446
0.111777
0.062712
0.183619
0.086226
0.069343
0.085131
0.082080
0.119488
0.128095
0.130719
0.080729
0.064226
0.147694
0.038907
0.042229
0.173253
0.076112
0.100585
0.085749
0.060180
0.065859
0.117471
0.131091
0.047144
0.052593
0.075404
0.110013
0.074969
0.103566
0.066121
0.065776
0.064116
0.182607
0.101377
0.072630
0.088306
0.107134
0.042413
0.049194
0.065711
0.073962
0.061101
0.123715
0.120174
0.074261
0.094322
0.069109
0.064895
0.083062
0.122216
0.051462
0.081951
0.195474
0.189359
0.058303
0.080084
0.104984
0.102762
0.063530
0.061907
0.064798
0.112975
0.200270
0.149295
0.073047
0.079327
0.069037
0.074007
0.075657
0.050553
0.106138
0.121384
0.173480
0.093533
0.133511
0.077511
0.074883
0.078313
0.050728
0.045449
0.072111
0.063366
0.149480
0.108089
0.065677
0.137697
0.080632
0.070047
0.090556
0.079662
0.102645
0.074486
0.191329
0.046502
0.065941
0.070086
0.123204
0.064768
0.045796
0.138391
0.067595
0.075497
0.186522
0.122358
0.072395
0.062880
0.051588
0.049413
0.129011
0.065276
0.108643
0.062509
0.178993
0.062987
0.072727
0.053457
0.071862
0.173018
0.125215
0.060197
0.057045
0.067657
0.153250
0.087547
0.150596
0.076255
0.081901
0.079595
0.056847
0.105039
0.068328
0.118621
0.178360
0.057195
0.067745
0.082566
0.098217
0.119069
0.116602
0.075162
0.082748
0.068595
0.154111
0.134429
0.160187
0.144398
0.067994
0.082856
0.063733
0.125988
0.114307
0.040597
0.219579
0.082048
0.099325
0.050738
0.051541
0.067763
0.127491
0.072154
0.071411
0.084846
0.191627
0.084505
0.121165
0.081672
0.073215
0.119310
0.079864
0.075901
0.068374
0.059968
0.188617
0.078453
0.184419
0.189273
0.143598
0.130232
0.088138
0.085619
0.090477
0.132823
0.258190
0.089608
0.102612
0.077283
0.174418
0.078013
0.116528
0.178768
0.123950
0.168222
0.156876
0.082197
0.059264
0.154110
0.047136
0.062486
0.070869
0.060589
0.097103
0.059658
0.076933
0.073791
0.188786
0.071752
0.115925
0.075386
0.074623
0.073796
0.055579
0.034135
0.094456
0.085253
0.067036
0.241796
0.081265
0.070832
0.072861
0.036269
0.067560
0.108896
0.137328
0.068960
0.090496
0.106872
0.065857
0.080694
0.081380
0.062565
0.065897
0.198056
0.235682
0.212978
0.057633
0.220673
0.139065
0.125888
0.177388
0.242202
0.088316
0.088628
0.175720
0.091522
0.071732
0.168151
0.076329
0.117816
0.071176
0.059852
0.061425
0.147885
0.199011
0.053692
0.056151
0.078778
0.086297
0.108137
0.072083
0.066006
0.115875
0.078194
0.151879
0.094838
0.058475
0.060766
0.095150
0.061420
0.109239
0.080884
0.066815
0.060020
0.120684
0.089628
0.062284
0.054235
0.089500
0.148007
0.071573
0.046996
0.061964
0.093106
