19.570670
1.002392
0.038819
0.032563
0.082603
0.053041
0.081599
0.042002
0.119407
0.092077
0.170271
0.135599
0.119607
0.063817
0.069953
0.114196
0.069563
0.055263
0.059648
0.045284
0.160676
0.058214
0.054575
0.034695
0.073594
0.099538
0.168456
0.095824
0.111676
0.073533
0.186188
0.136493
0.109056
0.088819
0.130923
0.189811
0.078176
0.066003
0.074759
0.092119
0.254102
0.092963
0.098472
0.143991
0.062879
0.050006
0.086799
0.128492
0.075353
0.110294
0.192784
0.088555
0.115023
0.073000
0.093050
0.072197
0.123052
0.066184
0.057698
0.163657
0.184357
0.121500
0.061263
0.046532
0.027762
0.062657
0.097699
0.133454
0.089342
0.205664
0.341011
0.228107
0.256645
0.214200
0.100391
0.080641
0.092677
0.107202
0.050578
0.064504
0.158159
0.061969
0.068782
0.053914
0.057160
0.084455
0.104441
0.037350
0.044885
0.049152
0.153694
0.071950
0.066847
0.064795
0.174770
0.078016
0.064257
0.048918
0.090224
0.070231
0.128647
0.075247
0.086221
0.102833
0.071406
0.059969
0.053922
0.054496
0.093746
0.103875
0.143734
0.092905
0.053832
0.083121
0.098430
0.167519
0.086839
0.082962
0.071002
0.111726
0.162485
0.134526
0.084521
0.078857
0.068350
0.053652
0.061280
0.110777
0.110264
0.061962
0.099678
0.056107
0.090845
0.068653
0.093091
0.120452
0.054959
0.079385
0.060232
0.120478
0.116179
0.169892
0.105834
0.067504
0.089674
0.149532
0.243392
0.044242
0.058242
0.017453
0.203253
0.022141
0.055069
0.015352
0.013555
0.129229
0.012627
0.024980
0.015114
0.058901
0.118176
0.049035
0.029923
0.130363
0.032193
0.019304
0.051493
0.024347
0.013363
0.018188
0.120487
0.027062
0.029175
0.106249
0.022249
0.015036
0.033053
0.028244
0.015650
0.019125
0.149002
0.096656
0.015667
0.071503
0.019657
0.031261
0.019448
0.034218
0.028148
0.074538
0.129555
0.020150
0.025049
0.022518
0.013824
0.020446
0.015887
0.022177
0.034933
0.019798
0.215524
0.016246
0.014236
0.017684
0.060690
0.021438
0.016993
0.011484
0.017248
0.015733
0.093774
0.017033
0.020738
0.077539
0.032107
0.026347
0.014715
0.024054
0.030228
0.024620
0.177621
0.096620
0.051474
0.039176
0.014633
0.064918
0.011615
0.062417
0.017334
0.025798
0.123583
0.031173
0.054058
0.013021
0.012176
0.074246
0.036078
0.014749
0.065309
0.015443
0.118716
0.028890
0.093823
0.011361
0.014235
0.019021
0.012417
0.017670
0.028319
0.031112
0.199551
0.029075
0.025006
0.019163
0.068615
0.011193
0.010837
0.019617
0.026788
0.028954
0.106442
0.094986
0.038764
0.021110
0.044374
0.057104
0.015599
0.049115
0.035350
0.033501
0.148465
0.069704
0.024219
0.083967
0.012719
0.011234
0.016049
0.012138
0.013154
0.028023
0.088818
0.012441
0.011612
0.016392
0.074635
0.015284
0.032133
0.055016
0.035706
0.011546
0.100628
0.019124
0.011884
0.020810
0.037369
0.031759
0.021602
0.023411
0.028270
0.129822
0.101537
0.021218
0.018328
0.025728
0.025954
0.023967
0.018908
0.015633
0.017262
0.027507
0.112120
0.015817
0.018000
0.049743
0.023814
0.023349
0.044204
0.091269
0.029110
