1.857717
0.064594
0.065851
0.052238
0.038852
0.059994
0.049673
0.074144
0.148094
0.108140
0.184042
0.061320
0.034830
0.050166
0.035954
0.053054
0.067009
0.100564
0.149365
0.086634
0.158867
0.093990
0.112270
0.067467
0.073745
0.053574
0.089160
0.077265
0.131930
0.091616
0.160424
0.167396
0.089735
0.076033
0.043394
0.112670
0.168569
0.064943
0.056014
0.103951
0.156487
0.096369
0.086605
0.055872
0.055374
0.062778
0.068783
0.153294
0.063113
0.091920
0.182160
0.082859
0.092018
0.085794
0.078024
0.085892
0.107847
0.073507
0.086567
0.065529
0.157267
0.055580
0.105260
0.092518
0.175369
0.142368
0.094123
0.084290
0.058241
0.052712
0.140806
0.070619
0.053174
0.037097
0.075953
0.076732
0.143724
0.076672
0.087649
0.068549
0.144714
0.095450
0.067261
0.128336
0.097153
0.180990
0.164150
0.120517
0.112125
0.056957
0.148992
0.129243
0.136843
0.075306
0.099349
0.112231
0.117829
0.137906
0.076720
0.073321
0.125398
0.114113
0.060953
0.076868
0.152749
0.096830
0.106542
0.038160
0.062921
0.077879
0.166618
0.045143
0.092039
0.074390
0.181200
0.101311
0.069250
0.073311
0.145699
0.056853
0.134834
0.087640
0.076270
0.111186
0.146633
0.068372
0.059496
0.062687
0.069247
0.071967
0.148331
0.050013
0.070737
0.077613
0.116271
0.169667
0.148656
0.035079
0.059741
0.060082
0.119818
0.065641
0.059491
0.052217
0.130130
0.113983
0.144058
0.128394
0.042271
0.076504
0.104696
0.103685
0.080237
0.074499
0.057094
0.059499
0.073699
0.145253
0.029941
0.045907
0.132981
0.061412
0.049631
0.049535
0.086425
0.046081
0.066316
0.055402
0.058199
0.134904
0.160655
0.083177
0.072365
0.082616
0.094335
0.176829
0.102808
0.085902
0.135359
0.139628
0.188365
0.086630
0.078237
0.066793
0.077188
0.073657
0.116621
0.060383
0.078965
0.139629
0.184939
0.120311
0.063614
0.096643
0.087376
0.071280
0.065598
0.071669
0.118611
0.108339
0.221642
0.069297
0.049019
0.105985
0.076354
0.084412
0.076700
0.090225
0.115597
0.095899
0.205608
0.050887
0.065340
0.075200
0.051385
0.104833
0.070755
0.069895
0.062298
0.054589
0.105865
0.123761
0.086417
0.061293
0.084370
0.070496
0.112963
0.030322
0.030151
0.043961
0.207996
0.087497
0.065998
0.095460
0.055185
0.050648
0.055399
0.229950
0.236670
0.168240
0.258145
0.232314
0.102348
0.089333
0.060852
0.049505
0.070726
0.074747
0.100294
0.078186
0.155966
0.165460
0.098099
0.061087
0.062692
0.124870
0.073264
0.106552
0.069399
0.064141
0.213430
0.140041
0.145405
0.079272
0.057746
0.058266
0.076101
0.086358
0.086638
0.179891
0.136031
0.059176
0.086054
0.098861
0.095946
0.080292
0.092514
0.068414
0.061280
0.125171
0.257222
0.060713
0.127060
0.100428
0.118557
0.108198
0.069543
0.129283
0.114061
0.084888
0.131952
0.043804
0.097384
0.071839
0.049892
0.094159
0.098818
0.082263
0.077974
0.062797
0.154970
0.091048
0.092052
0.083724
0.060652
0.123134
0.098478
0.075035
0.067828
0.057579
0.153562
0.150172
0.107386
0.129516
0.073458
0.106963
0.090117
0.059226
0.078258
0.068978
0.200456
0.127425
0.082723
0.131755
0.121700
0.065152
0.072181
