1.892159
0.101231
0.058987
0.083056
0.069463
0.093288
0.192191
0.172710
0.102438
0.150311
0.270007
0.178596
0.122382
0.107637
0.064798
0.092824
0.130388
0.112681
0.105700
0.080158
0.144211
0.054839
0.077757
0.218559
0.134394
0.095467
0.116096
0.075336
0.100480
0.101449
0.195708
0.047080
0.052569
0.134073
0.118580
0.085156
0.116594
0.145465
0.105240
0.078357
0.242698
0.116346
0.184339
0.076134
0.144725
0.160409
0.109428
0.083872
0.062789
0.114066
0.120398
0.108094
0.091528
0.053905
0.126207
0.105601
0.066216
0.059560
0.073580
0.057772
0.219721
0.105371
0.074340
0.056531
0.099257
0.056908
0.095580
0.063423
0.060291
0.076765
0.148947
0.082715
0.088885
0.065809
0.077554
0.072975
0.069690
0.071906
0.061730
0.043533
0.138113
0.075535
0.098738
0.117486
0.105649
0.061521
0.054903
0.052102
0.075069
0.085660
0.155169
0.074954
0.140068
0.057252
0.045839
0.085474
0.088321
0.084699
0.058691
0.106760
0.167693
0.181168
0.140239
0.104472
0.091800
0.048376
0.057066
0.089596
0.056496
0.089212
0.212239
0.087225
0.102612
0.090276
0.091288
0.093521
0.082230
0.063706
0.085813
0.097584
0.128700
0.035790
0.109867
0.077354
0.090828
0.095558
0.094416
0.068373
0.102920
0.054062
0.202609
0.070596
0.114738
0.131827
0.069320
0.117555
0.122332
0.115359
0.068704
0.091652
0.195320
0.068773
0.088737
0.058520
0.054020
0.039409
0.066894
0.074973
0.083095
0.095847
0.169700
0.049519
0.072375
0.091773
0.065573
0.085191
0.092155
0.062042
0.096910
0.125618
0.126176
0.072678
0.054042
0.087669
0.049584
0.045334
0.066504
0.104791
0.099652
0.079818
0.131957
0.080823
0.182001
0.046394
0.077808
0.127741
0.082422
0.062299
0.084362
0.063390
0.119165
0.046602
0.082375
0.145952
0.037479
0.070115
0.077394
0.055371
0.071537
0.076506
0.123054
0.068274
0.084467
0.091046
0.059716
0.138221
0.052756
0.050708
0.090111
0.079259
0.200400
0.104979
0.062753
0.056339
0.048812
0.070265
0.035472
0.029916
0.064522
0.037260
0.104354
0.095493
0.039578
0.053856
0.065500
0.064004
0.186905
0.116760
0.147361
0.126721
0.252428
0.287826
0.105417
0.109485
0.053830
0.075090
0.093612
0.085852
0.145268
0.107208
0.227499
0.087553
0.085382
0.116138
0.169181
0.103472
0.071529
0.083341
0.051233
0.029231
0.107774
0.061296
0.078841
0.157395
0.095868
0.114013
0.133220
0.068195
0.070711
0.081077
0.187526
0.066358
0.073811
0.145863
0.083023
0.080989
0.111791
0.088559
0.063645
0.121706
0.252480
0.094771
0.086781
0.111158
0.049882
0.089123
0.091269
0.050688
0.055323
0.070461
0.148540
0.082383
0.069752
0.090818
0.246542
0.267561
0.208190
0.202992
0.147343
0.177959
0.135592
0.067286
0.116509
0.063125
0.061180
0.089105
0.061521
0.061347
0.096167
0.125520
0.206022
0.172100
0.253975
0.098015
0.106130
0.157544
0.099281
0.126751
0.147291
0.154013
0.189221
0.103256
0.066973
0.055118
0.078126
0.060534
0.097185
0.095365
0.103095
0.148091
0.179606
0.115999
0.059498
0.115530
0.075067
0.107182
0.104133
0.063201
0.097475
0.074999
0.130474
0.101222
0.123238
0.087760
0.158356
0.137372
