1.038910
0.021277
0.022599
0.029361
0.021132
0.021911
0.021662
0.018496
0.019928
0.022777
0.067869
0.020500
0.021007
0.021982
0.019302
0.018768
0.020666
0.021238
0.019237
0.019139
0.065598
0.020921
0.020619
0.020853
0.018839
0.018670
0.020362
0.020672
0.018911
0.018657
0.065739
0.027731
0.024480
0.019146
0.020994
0.022650
0.021869
0.019059
0.018770
0.022498
0.066269
0.020681
0.021330
0.022661
0.022712
0.021196
0.021360
0.022700
0.022559
0.019335
0.067148
0.021602
0.043309
0.020700
0.020990
0.019128
0.020108
0.020635
0.021046
0.021194
0.066419
0.019857
0.020639
0.020696
0.021453
0.022028
0.020919
0.019315
0.019598
0.021314
0.067084
0.027839
0.021681
0.025639
0.043100
0.019957
0.021547
0.023337
0.022885
0.022146
0.066140
0.025798
0.021095
0.019296
0.020641
0.019239
0.021634
0.021493
0.020596
0.021311
0.067325
0.019631
0.022522
0.021273
0.022792
0.023540
0.022870
0.022984
0.020860
0.020179
0.064280
0.020602
0.021752
0.022071
0.022130
0.027987
0.021671
0.021585
0.021569
0.022730
0.066857
0.021338
0.021239
0.022411
0.022570
0.020864
0.022500
0.024313
0.021268
0.022435
0.066571
0.021610
0.022546
0.024003
0.023782
0.020204
0.019822
0.020176
0.021509
0.023181
0.065979
0.021894
0.022426
0.020213
0.020321
0.021802
0.022998
0.022701
0.024179
0.023982
0.072346
0.023414
0.023100
0.023440
0.021898
0.021510
0.020987
0.021808
0.020985
0.021601
0.067450
0.026407
0.023435
0.021762
0.023008
0.021335
0.020207
0.020079
0.020477
0.047994
0.066901
0.023463
0.023082
0.023597
0.023320
0.020097
0.021354
0.021752
0.022131
0.022366
0.066990
0.023011
0.020749
0.021162
0.022005
0.022811
0.022873
0.022224
0.020126
0.020151
0.071371
0.022310
0.021794
0.022466
0.021532
0.020303
0.022306
0.022522
0.020373
0.020487
0.067006
0.019762
0.020700
0.031105
0.022408
0.022284
0.021971
0.020779
0.020353
0.022258
0.068844
0.024059
0.024654
0.022000
0.024698
0.022130
0.020184
0.020093
0.021669
0.022041
0.066697
0.023833
0.022651
0.020585
0.020524
0.021048
0.022337
0.021803
0.021457
0.021480
0.066848
0.020210
0.020490
0.023426
0.025521
0.022138
0.022112
0.019887
0.021716
0.022126
0.068083
0.020803
0.021728
0.022433
0.020758
0.020867
0.022291
0.023247
0.023388
0.025133
0.065596
0.025072
0.023472
0.023254
0.021197
0.023728
0.021506
0.021493
0.022362
0.020504
0.068728
0.020580
0.020764
0.020560
0.022201
0.022018
0.020188
0.020213
0.019430
0.022114
0.067762
0.023062
0.022147
0.021564
0.021096
0.019622
0.022299
0.026687
0.021345
0.020841
0.066726
0.023970
0.024806
0.023300
0.023337
0.024033
0.025631
0.021340
0.020106
0.020431
0.070563
0.020261
0.021576
0.022087
0.022214
0.021813
0.021805
0.021361
0.021739
0.026230
0.065872
0.021759
0.022970
0.024150
0.021899
0.021591
0.019813
0.020573
0.021076
0.022646
0.067571
0.022702
0.021017
0.022238
0.022675
0.026708
0.020854
0.019706
0.020479
0.021544
0.073999
0.020952
0.021752
0.022704
0.022966
0.019831
0.019632
0.020063
0.021358
0.020990
