2.261914
0.100531
0.080564
0.097291
0.077348
0.059021
0.089172
0.124396
0.050243
0.070180
0.157648
0.067893
0.072532
0.136749
0.171915
0.211086
0.219603
0.206477
0.070397
0.081893
0.164104
0.216462
0.127785
0.200567
0.136079
0.061799
0.095781
0.185040
0.213603
0.205108
0.279046
0.100767
0.098459
0.105781
0.073347
0.096898
0.088727
0.040389
0.058154
0.059028
0.131577
0.123986
0.039419
0.081860
0.072097
0.127257
0.071359
0.084844
0.073543
0.062502
0.178821
0.085762
0.068967
0.068247
0.068085
0.064916
0.072114
0.084407
0.143750
0.075892
0.173141
0.053508
0.072581
0.089502
0.151131
0.093092
0.100317
0.093222
0.066015
0.066873
0.256330
0.073516
0.069195
0.060975
0.057433
0.066939
0.135735
0.085316
0.079365
0.067785
0.134464
0.067821
0.108666
0.070498
0.070823
0.064427
0.045481
0.171022
0.062889
0.133043
0.130097
0.102068
0.082193
0.079234
0.062746
0.166213
0.063127
0.070739
0.063772
0.085301
0.128444
0.066431
0.042729
0.078197
0.105358
0.039739
0.058691
0.046255
0.047941
0.046330
0.115259
0.078057
0.088202
0.161633
0.136846
0.111306
0.118693
0.197019
0.076542
0.104324
