2.319128
0.073201
0.107135
0.095184
0.107563
0.071989
0.081165
0.089307
0.051195
0.067952
0.122366
0.059598
0.040183
0.048499
0.102026
0.047560
0.056055
0.065783
0.092431
0.056911
0.135702
0.250971
0.133085
0.105153
0.240659
0.147754
0.132067
0.142992
0.129271
0.046277
0.155280
0.104978
0.077591
0.066819
0.071224
0.092298
0.090875
0.043551
0.134619
0.120020
0.139080
0.069256
0.054127
0.054469
0.048819
0.045755
0.073664
0.054383
0.068798
0.090152
0.179336
0.207362
0.247557
0.226718
0.191046
0.048232
0.049715
0.059475
0.077282
0.097627
0.298613
0.068766
0.057626
0.079054
0.117112
0.080897
0.053984
0.065796
0.050285
0.180665
0.175393
0.079066
0.103737
0.088557
0.113378
0.073606
0.061963
0.066599
0.130615
0.113393
0.143161
0.078002
0.072573
0.058175
0.051610
0.074285
0.073634
0.072060
0.081622
0.100850
0.156377
0.128118
0.070126
0.078885
0.113236
0.083474
0.174473
0.104870
0.098042
0.142007
0.159648
0.115616
0.083747
0.089504
0.095946
0.119884
0.101519
0.090085
0.106114
0.059916
0.201186
0.105425
0.107319
0.088236
0.090566
0.089824
0.064856
0.117140
0.038080
0.059945
