1.365802
0.041587
0.054522
0.039102
0.034601
0.032915
0.032645
0.034213
0.033841
0.032857
0.083432
0.086064
0.041527
0.086138
0.040800
0.023944
0.025128
0.024133
0.023590
0.023005
0.077026
0.028569
0.028181
0.023619
0.027357
0.031282
0.033926
0.033516
0.025303
0.023099
0.196951
0.149923
0.142055
0.147364
0.142826
0.142496
0.075958
0.041797
0.033646
0.024809
0.074355
0.025759
0.034877
0.033915
0.078068
0.035917
0.042080
0.036337
0.031725
0.033634
0.082055
0.024046
0.078999
0.033370
0.037941
0.031832
0.030409
0.033805
0.042843
0.030675
0.139796
0.030120
0.037100
0.030148
0.028198
0.030967
0.026083
0.025220
0.025387
0.082179
0.088853
0.027662
0.035526
0.037906
0.035157
0.035907
0.030186
0.083053
0.026297
0.023249
0.077261
0.045603
0.029867
0.027486
0.024911
0.031098
0.074927
0.038609
0.033031
0.032382
0.083999
0.022734
0.022776
0.028952
0.038808
0.081607
0.041075
0.033857
0.034998
0.036507
0.084049
0.029871
0.030617
0.037303
0.076502
0.040425
0.038669
0.042467
0.037532
0.040412
0.092234
0.030401
0.036778
0.037508
0.076132
0.035781
0.035012
0.033172
0.032085
0.026478
0.085094
0.030063
0.036513
0.036309
0.037253
0.070295
0.031414
0.039483
0.036108
0.039290
0.088700
0.032019
0.049266
0.036665
0.073163
0.038372
0.036078
0.035496
0.033561
0.035477
0.080119
0.026581
0.026023
0.028278
0.089079
0.029451
0.034287
0.037798
0.036440
0.036287
0.089515
0.029878
0.037791
0.067045
0.036899
0.037148
0.040845
0.034482
0.035996
0.034080
0.086807
0.026368
0.084888
0.029017
0.033764
0.043716
0.040003
0.039518
0.043263
0.039233
0.132072
0.037921
0.037943
0.040826
0.036372
0.039028
0.083283
0.032590
0.070026
0.034451
0.094332
0.033238
0.080135
0.040753
0.039253
0.041584
0.036827
0.042104
0.027004
0.089041
0.091775
0.042736
0.097440
0.075710
0.034878
0.042618
0.054111
0.037382
0.067707
0.035870
