8.604367
1.299057
0.018262
0.017679
0.093245
0.027496
0.022971
0.021766
0.023707
0.023512
0.090585
0.038019
0.064155
0.086058
0.025462
0.024697
0.012102
0.021451
0.021746
0.098393
0.112710
0.016918
0.023050
0.037178
0.023217
0.072946
0.020767
0.084675
0.032976
0.033794
0.118799
0.020170
0.014360
0.026613
0.033379
0.023176
0.035957
0.026582
0.061197
0.021563
0.078943
0.035383
0.032130
0.026020
0.013677
0.018043
0.029073
0.025695
0.028542
0.105166
0.089127
0.030969
0.017387
0.038326
0.027713
0.021741
0.027656
0.014302
0.024139
0.113933
0.126045
0.020036
0.042908
0.030529
0.049772
0.017579
0.020544
0.024336
0.022855
0.017297
0.136386
0.034029
0.026332
0.034062
0.020121
0.018209
0.030147
0.034683
0.019471
0.044149
0.146633
0.023507
0.025179
0.019225
0.015397
0.018041
0.016492
0.013653
0.019356
0.021645
0.132542
0.105334
0.026984
0.023464
0.026724
0.033434
0.038047
0.057922
0.029895
0.073450
0.102913
0.034224
0.027965
0.022012
0.018679
0.018126
0.023693
0.022450
0.020144
0.028263
0.097026
0.021996
0.037697
0.039139
0.058004
0.031971
0.025668
0.026202
0.026148
0.079772
