2.483604
0.108162
0.071590
0.095867
0.111507
0.097306
0.122826
0.125432
0.067672
0.091919
0.118865
0.118371
0.087110
0.188515
0.138312
0.168982
0.219302
0.057627
0.072179
0.089471
0.193624
0.150422
0.167898
0.088946
0.039193
0.079216
0.071510
0.067742
0.081853
0.293042
0.318250
0.215971
0.068758
0.073731
0.077222
0.096380
0.078199
0.080230
0.106339
0.073487
0.122468
0.064145
0.133117
0.082388
0.101378
0.107049
0.095657
0.087450
0.074596
0.066866
0.166928
0.097310
0.083867
0.078979
0.080604
0.087950
0.101066
0.085588
0.241417
0.244075
0.262794
0.104052
0.117387
0.135339
0.071567
0.079357
0.085958
0.093605
0.061851
0.170907
0.392730
0.261369
0.038198
0.108715
0.054135
0.112357
0.106405
0.094063
0.084251
0.192614
0.189245
0.108474
0.092224
0.100380
0.076776
0.092745
0.127194
0.077248
0.076554
0.085325
0.211992
0.072456
0.097100
0.108323
0.165123
0.126422
0.058953
0.092535
0.068476
0.100037
0.163609
0.154484
0.118430
0.093815
0.089144
0.116696
0.076607
0.092868
0.123543
0.061461
0.180183
0.073556
0.108440
0.133287
0.089474
0.093107
0.123264
0.117682
0.077717
0.120842
