1.970852
0.148929
0.075516
0.102332
0.066596
0.107423
0.173229
0.064500
0.128500
0.122086
0.152453
0.106141
0.071989
0.059012
0.039100
0.133390
0.069914
0.093045
0.073272
0.147654
0.190447
0.093810
0.154176
0.057317
0.098430
0.056575
0.068493
0.081110
0.066136
0.099734
0.178421
0.100639
0.135597
0.095820
0.117312
0.098986
0.108995
0.124612
0.130760
0.094064
0.281182
0.073708
0.056284
0.099609
0.093124
0.062308
0.182626
0.077916
0.089858
0.055584
0.154606
0.155691
0.141426
0.207387
0.092903
0.061002
0.106144
0.128197
0.065490
0.095248
0.176486
0.202075
0.037806
0.130339
0.103404
0.078881
0.070300
0.087645
0.056591
0.146446
0.144931
0.098907
0.123265
0.099216
0.098619
0.082063
0.183044
0.119843
0.037992
0.117276
0.193844
0.080096
0.104516
0.074879
0.203310
0.070676
0.109939
0.075282
0.103329
0.085166
0.229706
0.120653
0.116907
0.062143
0.125741
0.124932
0.101170
0.094811
0.103740
0.114446
0.227793
0.105408
0.126442
0.167436
0.129896
0.067862
0.198946
0.108114
0.156963
0.107804
0.159043
0.133631
0.101403
0.056705
0.104824
0.052720
0.064291
0.099238
0.113623
0.104564
