1.680104
0.221112
0.204197
0.082161
0.107939
0.155726
0.243921
0.130675
0.078254
0.086415
0.163844
0.064290
0.132018
0.047330
0.056489
0.070724
0.067332
0.049762
0.049225
0.061589
0.247101
0.022643
0.071671
0.051872
0.054807
0.053207
0.049409
0.110942
0.047357
0.026571
0.123128
0.042035
0.033661
0.062175
0.038786
0.048418
0.092553
0.103338
0.022778
0.048753
0.106899
0.041219
0.044036
0.045897
0.083874
0.100748
0.037815
0.060819
0.040685
0.061451
0.142715
0.118912
0.070501
0.045032
0.107544
0.040154
0.031422
0.086671
0.064533
0.100184
0.148670
0.045260
0.069382
0.038017
0.057222
0.057073
0.072225
0.097825
0.041868
0.049508
0.151630
0.112155
0.100768
0.052440
0.040413
0.051459
0.035942
0.049599
0.053659
0.049817
0.139459
0.080627
0.059016
0.054765
0.047446
0.082525
0.062290
0.119452
0.096681
0.062279
0.131421
0.041421
0.120204
0.050086
0.092053
0.053223
0.081819
0.120183
0.051309
0.065034
0.134486
0.040080
0.165547
0.047176
0.081374
0.057594
0.035649
0.108224
0.050685
0.069039
0.123737
0.082381
0.061412
0.063296
0.070087
0.072372
0.057357
0.069112
0.069216
0.146878
