2.693234
0.188761
0.123895
0.074695
0.090531
0.052686
0.094968
0.094245
0.065409
0.019464
0.140113
0.065335
0.077818
0.033152
0.011084
0.063114
0.015597
0.017360
0.034486
0.055077
0.127595
0.014457
0.013887
0.013529
0.078502
0.105994
0.040375
0.045594
0.035525
0.048187
0.122695
0.022954
0.284069
0.115844
0.174592
0.025910
0.106915
0.170993
0.166053
0.148180
0.170592
0.095864
0.065523
0.059829
0.069754
0.071606
0.111338
0.105042
0.110284
0.056277
0.117274
0.058408
0.053649
0.065112
0.076389
0.058417
0.042324
0.027493
0.096730
0.034084
0.117802
0.059366
0.060309
0.056680
0.089049
0.054828
0.113315
0.243377
0.235761
0.223553
0.330633
0.057827
0.072003
0.060281
0.079721
0.058421
0.124882
0.052079
0.105366
0.069032
0.147219
0.074836
0.085744
0.058572
0.107083
0.122057
0.070862
0.090927
0.104377
0.077122
0.185925
0.054802
0.122629
0.113635
0.045132
0.055869
0.047880
0.035776
0.089660
0.056540
0.166368
0.083084
0.061946
0.107726
0.049525
0.053164
0.064759
0.049927
0.094449
0.118131
0.130759
0.089174
0.095210
0.097661
0.036992
0.042465
0.043936
0.047301
0.056353
0.075484
