1.684941
0.237442
0.261722
0.180602
0.254371
0.221786
0.147403
0.198392
0.112832
0.132825
0.130380
0.107804
0.174492
0.142696
0.298895
0.391702
0.194818
0.263376
0.254588
0.148442
0.149441
0.208679
0.223445
0.184622
0.223785
0.083587
0.221407
0.162665
0.184701
0.164356
0.109378
0.183604
0.142247
0.141026
0.142466
0.152395
0.238068
0.219932
0.183375
0.134194
0.145145
0.224882
0.148002
0.174892
0.157727
0.139507
0.192307
0.159089
0.142950
0.192119
0.130879
0.148810
0.132598
0.154194
0.139570
0.134244
0.157402
0.251863
0.105406
0.135873
0.136895
0.147999
0.191245
0.216424
0.087853
0.140155
0.089105
0.097836
0.169280
0.134438
0.092206
0.125156
0.148415
0.160082
0.132914
0.163125
0.166641
0.147072
0.162540
0.264081
0.117836
0.174724
0.121856
0.206817
0.094365
0.107359
0.200829
0.106433
0.103262
0.159283
0.157501
0.130751
0.184843
0.146666
0.177212
0.235703
0.176432
0.169962
0.173777
0.098097
0.118289
0.134865
0.124309
0.102303
0.134152
0.293851
0.159633
0.544368
0.527830
0.468953
0.375508
0.163088
0.158487
0.140042
0.164241
0.174351
0.169988
0.212387
0.171574
0.147651
