1.896133
0.044998
0.172726
0.070934
0.055540
0.048744
0.054251
0.038283
0.090838
0.115100
0.221554
0.086888
0.066027
0.116782
0.054931
0.051741
0.056129
0.069758
0.069799
0.062943
0.111362
0.050853
0.054097
0.080043
0.041270
0.055465
0.046319
0.061880
0.092433
0.120575
0.221585
0.253713
0.271665
0.176572
0.128137
0.062051
0.051520
0.057955
0.054615
0.048239
0.107116
0.048072
0.086649
0.057138
0.063185
0.057593
0.079472
0.057528
0.065364
0.065763
0.113386
0.094737
0.056175
0.057585
0.054565
0.112430
0.071131
0.116619
0.058228
0.092730
0.111034
0.091152
0.056672
0.054108
0.077682
0.069014
0.051913
0.052972
0.055226
0.055907
0.154550
0.056034
0.106278
0.060984
0.034447
0.035125
0.049833
0.038075
0.027620
0.050335
0.116948
0.075854
0.105429
0.120561
0.048437
0.125546
0.056486
0.051373
0.047719
0.040069
0.106755
0.028521
0.034282
0.041587
0.051596
0.034254
0.052870
0.075700
0.060599
0.052901
0.093556
0.093397
0.091081
0.050331
0.069973
0.228352
0.215454
0.210335
0.200005
0.232478
0.186238
0.067299
0.030487
0.068376
0.083941
0.099998
0.128311
0.106438
0.039362
0.056044
