8.567232
1.297599
0.101604
0.184851
0.205540
0.174778
0.072760
0.138698
0.153125
0.078746
0.145984
0.059621
0.116328
0.132704
0.051738
0.063896
0.068144
0.091934
0.201324
0.133157
0.156757
0.039534
0.091412
0.105876
0.044418
0.050554
0.060396
0.062954
0.077758
0.104422
0.127699
0.067981
0.092330
0.073475
0.068035
0.072471
0.064228
0.075377
0.093282
0.117476
0.130536
0.125174
0.056557
0.068058
0.064378
0.094369
0.073129
0.085858
0.072180
0.089731
0.122313
0.044081
0.121220
0.108345
0.043941
0.077628
0.060674
0.062904
0.054751
0.078673
0.164648
0.043875
0.040770
0.045884
0.049977
0.092255
0.061493
0.047546
0.089273
0.086974
0.135046
0.051678
0.037039
0.060167
0.044613
0.065153
0.118938
0.063008
0.059980
0.074315
0.194259
0.075987
0.067495
0.051060
0.077326
0.075237
0.064690
0.082082
0.054235
0.119897
0.209806
0.057605
0.049926
0.071635
0.106409
0.176271
0.108145
0.165764
0.133360
0.164155
0.185841
0.230171
0.126647
0.118846
0.056122
0.072653
0.065237
0.086905
0.064765
0.131454
0.142036
0.060202
0.030111
0.024328
0.030586
0.079477
0.056185
0.081840
0.065274
0.148809
