2.499498
0.138548
0.193981
0.206661
0.238991
0.058976
0.031232
0.078872
0.082733
0.126213
0.167985
0.139586
0.078395
0.073827
0.137011
0.057926
0.069215
0.060142
0.057154
0.082064
0.183683
0.072272
0.078344
0.067997
0.155784
0.066559
0.105931
0.089185
0.173263
0.192768
0.242643
0.184013
0.061021
0.072504
0.057561
0.088929
0.132120
0.054947
0.058736
0.104941
0.208030
0.132291
0.122029
0.074360
0.068428
0.064764
0.044354
0.042652
0.076086
0.046083
0.131486
0.105155
0.209987
0.204526
0.228967
0.163930
0.180969
0.093823
0.051164
0.079695
0.196289
0.124019
0.061249
0.057914
0.061754
0.064366
0.088782
0.066107
0.076258
0.060637
0.191447
0.119225
0.106132
0.046170
0.045935
0.066647
0.084515
0.068187
0.066516
0.084054
0.180687
0.083006
0.117663
0.119408
0.066383
0.081574
0.059051
0.130623
0.087334
0.081347
0.149768
0.094090
0.080731
0.092195
0.075982
0.077423
0.125238
0.077415
0.157180
0.098841
0.181198
0.081744
0.084975
0.136347
0.099433
0.087293
0.090807
0.134486
0.062596
0.068759
0.124098
0.081393
0.078182
0.101978
0.119556
0.076396
0.082124
0.098195
0.096452
0.062253
