2.477575
0.133888
0.062267
0.093030
0.212193
0.110894
0.171067
0.176777
0.231512
0.139155
0.166368
0.048978
0.098162
0.107768
0.099213
0.086221
0.081275
0.058125
0.102819
0.043734
0.206440
0.103398
0.081912
0.088732
0.079731
0.077595
0.075849
0.066409
0.124284
0.131208
0.177576
0.157615
0.070142
0.091040
0.091837
0.072781
0.207028
0.087023
0.092132
0.081577
0.152468
0.083755
0.095025
0.057983
0.178998
0.072944
0.038129
0.065526
0.040343
0.045289
0.122980
0.077579
0.097502
0.145879
0.075094
0.092878
0.137024
0.154052
0.078715
0.062721
0.193103
0.121771
0.089218
0.090003
0.085784
0.091087
0.118664
0.086153
0.131946
0.182421
0.188147
0.076960
0.078683
0.098322
0.077285
0.075629
0.083603
0.116886
0.101171
0.068872
0.156022
0.086376
0.096385
0.091585
0.131400
0.137897
0.141970
0.058116
0.094166
0.148420
0.168974
0.093427
0.066925
0.043414
0.060551
0.129098
0.084111
0.116499
0.068767
0.062389
0.172494
0.099187
0.211005
0.077976
0.141603
0.110025
0.094696
0.097976
0.109697
0.102896
0.147045
0.084548
0.061783
0.125645
0.087211
0.092279
0.057951
0.092494
0.086498
0.133710
