8.567493
1.351379
0.063905
0.063738
0.114905
0.069300
0.051625
0.047052
0.150378
0.070417
0.156803
0.064999
0.064408
0.107074
0.080799
0.065320
0.070879
0.063781
0.054017
0.059921
0.171513
0.161060
0.065185
0.102733
0.076509
0.113223
0.128401
0.110037
0.050817
0.060784
0.163929
0.144294
0.145614
0.054537
0.074542
0.081650
0.065383
0.057591
0.113671
0.098908
0.249697
0.042521
0.064468
0.068411
0.111880
0.077526
0.087357
0.057340
0.110221
0.073384
0.251025
0.070750
0.085122
0.066786
0.047124
0.043609
0.149380
0.103841
0.079852
0.081508
0.133504
0.057328
0.044863
0.128591
0.122602
0.100311
0.084375
0.041521
0.049033
0.164339
0.128481
0.091931
0.132254
0.116688
0.088432
0.091884
0.106885
0.046502
0.050765
0.045918
0.170308
0.113606
0.051374
0.067467
0.083246
0.102065
0.138006
0.102432
0.186348
0.110835
0.198815
0.162142
0.117564
0.172054
0.160602
0.056565
0.068418
0.079563
0.078836
0.057691
0.107780
0.030063
0.084906
0.048604
0.031156
0.036409
0.057729
0.073553
0.048629
0.047157
0.141828
0.185698
0.229614
0.204440
0.169774
0.077851
0.085522
0.091753
0.086796
0.148667
