1.766947
0.049786
0.047793
0.048337
0.040570
0.041610
0.068681
0.074994
0.127508
0.116038
0.190016
0.062514
0.053079
0.075753
0.073681
0.062984
0.054504
0.119639
0.076997
0.170273
0.209494
0.082915
0.072963
0.055325
0.058063
0.084869
0.097810
0.102439
0.091517
0.085894
0.152010
0.082699
0.077262
0.085732
0.092260
0.120811
0.049847
0.037126
0.061577
0.074909
0.091345
0.052143
0.118296
0.046662
0.063238
0.105231
0.052711
0.066341
0.067734
0.138965
0.271759
0.181546
0.096683
0.206266
0.101419
0.152208
0.122103
0.123880
0.100537
0.042652
0.176510
0.129047
0.058424
0.070318
0.073328
0.064039
0.075405
0.094355
0.052829
0.068096
0.135874
0.052633
0.087854
0.119874
0.068005
0.080492
0.080631
0.086142
0.108496
0.061892
0.109115
0.073237
0.061514
0.072063
0.088715
0.085811
0.074348
0.062631
0.088956
0.061890
0.195607
0.182693
0.241935
0.146467
0.209336
0.082230
0.097843
0.134787
0.114940
0.053467
0.107471
0.055775
0.080192
0.043195
0.049997
0.050455
0.068791
0.045428
0.034913
0.047545
0.112949
0.055700
0.072834
0.110313
0.081829
0.072616
0.069206
0.097721
0.082165
0.063171
0.141476
0.057535
0.067828
0.057031
0.032265
0.037927
0.036598
0.053680
0.072754
0.067946
0.183314
0.079509
0.080870
0.105718
0.071400
0.059952
0.093845
0.067000
0.048871
0.063697
0.140148
0.155933
0.053207
0.060133
0.068653
0.075601
0.051185
0.072534
0.071991
0.056723
0.122168
0.121300
0.073338
0.056613
0.057212
0.059663
0.071703
0.068206
0.122756
0.044798
0.143050
0.042837
0.053084
0.035437
0.115287
0.053844
0.069790
0.053151
0.079631
0.072667
0.121726
0.181936
0.094512
0.072749
0.048546
0.121682
0.064589
0.071600
0.055891
0.062698
0.161716
0.078123
0.047062
0.064681
0.050810
0.087435
0.053223
0.161314
0.054610
0.064095
0.152089
0.070640
0.081670
0.085762
0.053750
0.071455
0.124422
0.049140
0.086604
0.113100
0.163399
0.081233
0.068980
0.047152
0.058601
0.054933
0.065416
0.073487
0.081335
0.081099
0.168518
0.047895
0.060767
0.061450
0.065756
0.054701
0.061921
0.055437
0.046988
0.105993
0.210261
0.054168
0.080906
0.038353
0.063592
0.068274
0.065863
0.114044
0.067757
0.060762
0.169447
0.044209
0.057026
0.129698
0.069259
0.045037
0.055806
0.053673
0.066600
0.038473
0.175017
0.057689
0.063725
0.075657
0.067976
0.066599
0.082139
0.132421
0.224526
0.233624
