2.033313
0.111349
0.080279
0.113273
0.077544
0.086102
0.063883
0.043311
0.061716
0.079412
0.200042
0.143315
0.125913
0.069800
0.064585
0.041251
0.080967
0.052360
0.086120
0.055434
0.196950
0.134714
0.208724
0.207519
0.237489
0.204399
0.081886
0.071845
0.087065
0.069319
0.210719
0.073481
0.055565
0.064095
0.062169
0.129845
0.063889
0.080294
0.069300
0.060530
0.203262
0.080656
0.093072
0.061280
0.090294
0.060417
0.147670
0.072357
0.073621
0.069845
0.172948
0.105666
0.064862
0.118059
0.057350
0.067951
0.064206
0.111192
0.039008
0.046519
0.123073
0.047739
0.084013
0.051035
0.076794
0.102086
0.099675
0.081341
0.108380
0.082065
0.168780
0.109119
0.105766
0.128727
0.068784
0.086595
0.096023
0.075106
0.089759
0.102297
0.123561
0.097610
0.112707
0.132176
0.092797
0.086840
0.120055
0.083959
0.072241
0.081815
0.172905
0.061775
0.098819
0.063132
0.055631
0.056370
0.060317
0.038900
0.118370
0.082051
0.157737
0.091113
0.263103
0.318818
0.333689
0.328942
0.328917
0.292776
0.149285
0.133307
0.195392
0.064818
0.083872
0.074766
0.065640
0.182074
0.113961
0.063045
0.119460
0.052088
