2.852312
0.161519
0.109224
0.160794
0.142734
0.099235
0.143418
0.107201
0.097701
0.077811
0.184539
0.023358
0.035865
0.104609
0.048221
0.044093
0.040677
0.067250
0.059513
0.051167
0.078467
0.051111
0.059629
0.106527
0.058398
0.144868
0.072270
0.164403
0.143117
0.248465
0.177739
0.208579
0.161287
0.069603
0.189842
0.110274
0.058008
0.076324
0.131016
0.020967
0.115799
0.041707
0.011969
0.098270
0.028663
0.154849
0.071038
0.048208
0.019330
0.018738
0.206533
0.082071
0.041994
0.048572
0.073659
0.086397
0.076519
0.053048
0.062260
0.086332
0.298521
0.110409
0.069226
0.068506
0.116531
0.089003
0.071889
0.106129
0.073412
0.085375
0.290184
0.082079
0.091326
0.067761
0.068391
0.110267
0.068161
0.069679
0.112337
0.133526
0.157261
0.113597
0.064988
0.061966
0.094307
0.083369
0.064616
0.134300
0.117932
0.107164
0.139040
0.063636
0.121136
0.071735
0.124538
0.085977
0.091788
0.093557
0.068197
0.113304
0.161881
0.066698
0.125277
0.073050
0.097716
0.131739
0.056742
0.065519
0.067403
0.071916
0.208463
0.060421
0.059738
0.058091
0.125532
0.115565
0.088015
0.123497
0.066865
0.070737
