8.376157
1.332166
0.071954
0.091999
0.090660
0.078148
0.072181
0.070828
0.153561
0.094964
0.208108
0.083296
0.100011
0.083839
0.114137
0.085541
0.074032
0.067214
0.050818
0.082123
0.165513
0.152775
0.087466
0.027047
0.084831
0.099677
0.114295
0.096550
0.125105
0.069260
0.146430
0.126302
0.091307
0.049192
0.071115
0.070490
0.096863
0.050581
0.055020
0.062365
0.152126
0.121585
0.229614
0.069306
0.056790
0.057517
0.059307
0.185125
0.128995
0.060665
0.158831
0.085886
0.115834
0.103736
0.055944
0.054785
0.071541
0.068699
0.059876
0.070024
0.157752
0.078232
0.066935
0.040022
0.048035
0.069843
0.106010
0.063539
0.054441
0.123772
0.150000
0.090123
0.054319
0.086450
0.059616
0.153441
0.061065
0.045585
0.120208
0.202533
0.192191
0.047132
0.066069
0.044152
0.071309
0.025502
0.051508
0.044518
0.063311
0.144209
0.152856
0.080314
0.047090
0.061022
0.058949
0.040988
0.044466
0.043916
0.129559
0.084421
0.202821
0.121828
0.087568
0.133533
0.026791
0.030902
0.044454
0.223936
0.026217
0.082451
0.173287
0.046601
0.029829
0.055883
0.012214
0.039100
0.028855
0.091269
0.065252
0.050089
