1.595855
0.133437
0.028214
0.123239
0.096621
0.040097
0.106586
0.132683
0.126061
0.132456
0.131078
0.138520
0.117755
0.113587
0.106946
0.073110
0.084306
0.054064
0.084305
0.052240
0.114681
0.078029
0.085295
0.095525
0.102818
0.127471
0.108970
0.124125
0.135979
0.197532
0.100945
0.114069
0.121984
0.175712
0.084209
0.098841
0.115245
0.087966
0.116184
0.120612
0.085278
0.109489
0.210137
0.111362
0.092053
0.146939
0.149424
0.088774
0.083795
0.088643
0.082222
0.111131
0.130609
0.170147
0.094803
0.110188
0.124918
0.116622
0.168998
0.098724
0.129564
0.106927
0.158675
0.178776
0.157088
0.104480
0.138573
0.123765
0.185195
0.168484
0.085928
0.081873
0.145056
0.111349
0.132893
0.117977
0.079022
0.099895
0.171071
0.106088
0.111524
0.092409
0.156503
0.103355
0.171728
0.146187
0.135888
0.131210
0.121757
0.118534
0.081389
0.088574
0.094889
0.085862
0.075708
0.077738
0.075596
0.087485
0.085508
0.118420
0.094301
0.127579
0.107350
0.135409
0.119107
0.117862
0.118983
0.108777
0.114003
0.115767
0.196345
0.093391
0.116712
0.108350
0.124147
0.158862
0.159397
0.133110
0.121715
0.091805
0.077622
0.088243
0.113508
0.071273
0.126768
0.075709
0.156369
0.126763
0.113462
0.129828
0.157557
0.180707
0.121833
0.127240
0.160704
0.105594
0.112003
0.144664
0.094577
0.177431
0.088924
0.113489
0.074100
0.075779
0.167325
0.138077
0.131997
0.159439
0.122993
0.103155
0.096718
0.121903
0.093081
0.103576
0.100036
0.105065
0.102466
0.134912
0.187769
0.138615
0.144485
0.078639
0.139179
0.107876
0.131361
0.094495
0.077514
0.138346
0.123342
0.182079
0.099596
0.183563
0.096761
0.108681
0.116527
0.094417
0.078218
0.079975
0.073819
0.130997
0.154708
0.141264
0.185952
0.078958
0.159769
0.167027
0.103354
0.115179
0.167414
0.101783
0.121144
0.134605
0.158616
0.122103
0.133923
0.146385
0.152982
0.097559
0.189430
0.077312
