1.689405
0.157478
0.078471
0.061900
0.103001
0.055182
0.122471
0.064752
0.042864
0.025749
0.113603
0.057280
0.042431
0.070998
0.059458
0.042678
0.033362
0.068558
0.059521
0.089472
0.133335
0.140319
0.197649
0.304131
0.189420
0.165572
0.051164
0.079391
0.082330
0.104167
0.176318
0.062246
0.074059
0.068196
0.073755
0.048684
0.100161
0.046544
0.077540
0.104404
0.165043
0.137332
0.098545
0.127587
0.063429
0.055009
0.077687
0.061959
0.046969
0.027718
0.136574
0.068309
0.062603
0.128385
0.136443
0.051587
0.069953
0.063581
0.060669
0.057319
0.139226
0.187213
0.037777
0.073512
0.078393
0.042124
0.084163
0.062225
0.043975
0.043188
0.215626
0.062517
0.082591
0.044806
0.068116
0.062805
0.062923
0.061503
0.075322
0.077688
0.177133
0.084229
0.075493
0.127126
0.053930
0.095162
0.064817
0.062751
0.086789
0.084555
0.143007
0.116764
0.074682
0.065019
0.060320
0.076722
0.086934
0.093923
0.080062
0.054651
0.182340
0.047538
0.056487
0.083106
0.055005
0.121375
0.084586
0.080793
0.057617
0.047658
0.122214
0.042068
0.100196
0.106487
0.142209
0.061799
0.138846
0.047824
0.080400
0.073036
