2.146179
0.115394
0.108546
0.073928
0.098226
0.107924
0.090313
0.134086
0.036052
0.086348
0.160008
0.209740
0.051731
0.076599
0.082346
0.072007
0.072139
0.069691
0.119714
0.066008
0.154522
0.160480
0.071633
0.082157
0.060169
0.093459
0.066145
0.077101
0.127719
0.083223
0.250536
0.095845
0.063222
0.067316
0.063054
0.074563
0.078070
0.054556
0.068780
0.058694
0.157523
0.078764
0.054691
0.115921
0.065197
0.083801
0.060749
0.060034
0.054723
0.059324
0.151900
0.119096
0.078530
0.082047
0.072194
0.055767
0.054781
0.063427
0.091824
0.047694
0.138422
0.094390
0.063804
0.059441
0.083520
0.079781
0.119935
0.065998
0.065510
0.048629
0.089114
0.090443
0.071255
0.067530
0.056644
0.168201
0.113967
0.065839
0.053334
0.078778
0.148715
0.028411
0.055829
0.078061
0.085853
0.055747
0.046937
0.092228
0.075172
0.047485
0.205622
0.073237
0.122418
0.063672
0.056228
0.052084
0.111495
0.095716
0.056340
0.222783
0.216485
0.185466
0.304880
0.387807
0.274278
0.217981
0.190739
0.180470
0.094500
0.044495
0.145488
0.049203
0.114274
0.069981
0.100261
0.110957
0.057381
0.110123
0.127834
0.062851
