1.789739
0.053878
0.119644
0.112160
0.086388
0.138361
0.068519
0.133324
0.136737
0.064193
0.117675
0.052652
0.125529
0.057847
0.086487
0.058725
0.101293
0.073725
0.070501
0.110974
0.148574
0.050408
0.079756
0.088448
0.088370
0.068794
0.073260
0.091928
0.076704
0.065500
0.133648
0.055868
0.106257
0.060267
0.042320
0.060685
0.071690
0.068050
0.064377
0.054913
0.215440
0.077823
0.055079
0.133382
0.078557
0.111423
0.050689
0.050348
0.053229
0.041008
0.236460
0.073114
0.063163
0.059974
0.098001
0.061178
0.112700
0.063339
0.195792
0.069778
0.149624
0.102844
0.054740
0.046400
0.125936
0.047050
0.077778
0.070351
0.054248
0.076964
0.134876
0.079683
0.051974
0.126869
0.097096
0.072437
0.072958
0.082258
0.042816
0.125055
0.132239
0.047361
0.094949
0.064352
0.172682
0.048797
0.063511
0.101181
0.062185
0.058303
0.163087
0.044820
0.098338
0.061495
0.052633
0.064250
0.076063
0.124105
0.040374
0.075565
0.127239
0.040505
0.042105
0.123471
0.072459
0.072128
0.062068
0.048535
0.051691
0.089778
0.186308
0.086464
0.066111
0.050209
0.061137
0.153775
0.102929
0.394922
0.380664
0.307940
