1.781222
0.057936
0.055770
0.117652
0.083692
0.073243
0.056178
0.070042
0.054032
0.053707
0.176124
0.081056
0.068802
0.086952
0.067639
0.071260
0.092258
0.080214
0.080605
0.071149
0.140920
0.124312
0.086167
0.083188
0.067585
0.083692
0.098313
0.068459
0.047785
0.041811
0.192482
0.086342
0.095259
0.070884
0.074770
0.114759
0.082423
0.054415
0.064099
0.071832
0.147460
0.058215
0.057174
0.104251
0.125353
0.059895
0.067687
0.051597
0.063632
0.050808
0.146551
0.051146
0.043080
0.031334
0.058299
0.064153
0.097716
0.074808
0.052306
0.110634
0.125740
0.049997
0.075388
0.081592
0.083223
0.070367
0.147293
0.161344
0.086504
0.061259
0.083982
0.062029
0.038657
0.142787
0.075589
0.086838
0.053519
0.032490
0.052845
0.069868
0.149507
0.070552
0.051504
0.059026
0.064694
0.042399
0.045473
0.041832
0.061480
0.094002
0.134966
0.137754
0.151316
0.066458
0.223585
0.142440
0.193358
0.143174
0.075813
0.058514
0.127058
0.046327
0.117361
0.078163
0.055465
0.051874
0.030516
0.071871
0.073839
0.222545
0.279893
0.245498
0.269373
0.226814
0.203094
0.184503
0.080539
0.121533
0.132797
0.230475
