2.752415
0.182588
0.219227
0.164015
0.119858
0.124322
0.146067
0.072619
0.114129
0.102809
0.142983
0.093208
0.208204
0.131281
0.068508
0.092576
0.061882
0.058569
0.071798
0.145497
0.133336
0.070255
0.102756
0.052701
0.073377
0.191947
0.344959
0.126667
0.244110
0.154083
0.325454
0.068919
0.058009
0.072206
0.075783
0.115877
0.061107
0.145908
0.099129
0.071820
0.226843
0.108578
0.074641
0.074800
0.075922
0.093741
0.079421
0.068957
0.072448
0.099137
0.231251
0.163726
0.077331
0.143864
0.067831
0.065802
0.050546
0.109743
0.052691
0.058512
0.180907
0.086926
0.059915
0.075386
0.045225
0.049371
0.051605
0.101103
0.086491
0.064368
0.176250
0.061579
0.100651
0.144444
0.076027
0.071346
0.093326
0.078762
0.119675
0.097315
0.151573
0.106165
0.054651
0.077726
0.056803
0.112954
0.077663
0.081376
0.071104
0.041839
0.132912
0.050386
0.140510
0.069946
0.074911
0.048008
0.067949
0.139255
0.069187
0.071592
0.154731
0.132224
0.067035
0.067217
0.121958
0.116905
0.050532
0.059092
0.064243
0.080366
0.104057
0.051672
0.066774
0.027327
0.040111
0.059220
0.037923
0.146314
0.071626
0.116544
