2.182112
0.044265
0.050561
0.150898
0.075863
0.110216
0.126547
0.047400
0.043937
0.150663
0.176780
0.249301
0.192656
0.144354
0.205554
0.255324
0.154978
0.053845
0.064980
0.114969
0.159227
0.048867
0.165651
0.075238
0.075628
0.104032
0.069215
0.188431
0.032537
0.103949
0.169556
0.084529
0.170440
0.171896
0.038986
0.068223
0.132430
0.046276
0.054861
0.060861
0.139565
0.040113
0.053172
0.109693
0.077696
0.068983
0.173121
0.097958
0.104356
0.071273
0.165844
0.142453
0.063380
0.047279
0.038211
0.068694
0.158904
0.047132
0.084263
0.095536
0.212232
0.086801
0.047708
0.155936
0.075491
0.042321
0.077945
0.086429
0.081645
0.083884
0.231609
0.076240
0.101364
0.103143
0.115505
0.129876
0.126138
0.044358
0.088903
0.054133
0.132678
0.063739
0.055167
0.070336
0.147628
0.115520
0.081849
0.149149
0.062190
0.069546
0.200845
0.106903
0.106126
0.056752
0.114321
0.073708
0.298660
0.080587
0.049340
0.156229
0.184639
0.058310
0.079126
0.087969
0.057474
0.210268
0.071531
0.064765
0.170732
0.104656
0.198355
0.141017
0.122735
0.122703
0.105049
0.066721
0.127967
0.097494
0.101000
0.077678
