1.515171
0.095982
0.092639
0.056892
0.202349
0.242397
0.143503
0.110922
0.101465
0.084959
0.163521
0.192958
0.090436
0.134062
0.129343
0.171504
0.095329
0.121699
0.078350
0.084323
0.137359
0.061732
0.076899
0.072115
0.065207
0.117159
0.111977
0.057944
0.061173
0.052377
0.127305
0.060961
0.124454
0.080776
0.069215
0.091851
0.070606
0.111283
0.056248
0.043526
0.132401
0.034783
0.060601
0.061345
0.081200
0.093770
0.060151
0.092257
0.053596
0.055909
0.138420
0.061907
0.080866
0.066089
0.068178
0.056692
0.038879
0.056407
0.054754
0.047547
0.150430
0.085746
0.060301
0.069271
0.068905
0.059125
0.153589
0.065058
0.056411
0.080347
0.119567
0.105633
0.073278
0.080193
0.061396
0.061828
0.035834
0.042046
0.029276
0.034609
0.098176
0.069054
0.044719
0.079467
0.089494
0.055852
0.064913
0.058604
0.072222
0.055718
0.203712
0.072474
0.088180
0.053317
0.083639
0.052164
0.097338
0.047395
0.045822
0.051184
0.124021
0.057889
0.060640
0.066805
0.043700
0.042259
0.079860
0.153039
0.169020
0.037255
0.229078
0.196519
0.209138
0.111036
0.024482
0.063621
0.041166
0.109373
0.047973
0.161248
